Needle on Silicon
256
   1    1 -0.039 -0.000000564 0.000 0.000000
 -0.005 -0.000000161 0.000 0.000000
 0.026 0.000000397 0.000 0.000000
 0.057 0.000000614 0.000 0.000000
 0.086 0.000001358 0.000 0.000000
 0.116 0.000001637 0.000 0.000000
 0.145 0.000002009 0.000 0.000000
 0.180 0.000002443 0.000 0.000000
 0.206 0.000002877 0.000 0.000000
 0.237 0.000003342 0.000 0.000000
 0.267 0.000003652 0.000 0.000000
 0.297 0.000004117 0.000 0.000000
 0.326 0.000004830 0.000 0.000000
 0.359 0.000004954 0.000 0.000000
 0.386 0.000005326 0.000 0.000000
 0.419 0.000005543 0.000 0.000000
 0.448 0.000005977 0.000 0.000000
 0.475 0.000006442 0.000 0.000000
 0.501 0.000006690 0.000 0.000000
 0.531 0.000007217 0.000 0.000000
 0.558 0.000007434 0.000 0.000000
 0.587 0.000007775 0.000 0.000000
 0.613 0.000007992 0.000 0.000000
 0.646 0.000008426 0.000 0.000000
 0.667 0.000008922 0.000 0.000000
 0.695 0.000009170 0.000 0.000000
 0.721 0.000009418 0.000 0.000000
 0.746 0.000009759 0.000 0.000000
 0.776 0.000009883 0.000 0.000000
 0.795 0.000010255 0.000 0.000000
 0.824 0.000010596 0.000 0.000000
 0.841 0.000010844 0.000 0.000000
 0.869 0.000011185 0.000 0.000000
 0.894 0.000011681 0.000 0.000000
 0.914 0.000011681 0.000 0.000000
 0.935 0.000011991 0.000 0.000000
 0.950 0.000012611 0.000 0.000000
 0.975 0.000012859 0.000 0.000000
 0.994 0.000012983 0.000 0.000000
 1.012 0.000013262 0.000 0.000000
 1.028 0.000013324 0.000 0.000000
 1.045 0.000013727 0.000 0.000000
 1.062 0.000013913 0.000 0.000000
 1.079 0.000014161 0.000 0.000000
 1.096 0.000014378 0.000 0.000000
 1.108 0.000014564 0.000 0.000000
 1.124 0.000014905 0.000 0.000000
 1.137 0.000014967 0.000 0.000000
 1.150 0.000015215 0.000 0.000000
 1.159 0.000015370 0.000 0.000000
 1.174 0.000015370 0.000 0.000000
 1.177 0.000015804 0.000 0.000000
 1.195 0.000015742 0.000 0.000000
 1.201 0.000015711 0.000 0.000000
 1.209 0.000015990 0.000 0.000000
 1.216 0.000016114 0.000 0.000000
 1.222 0.000016176 0.000 0.000000
 1.225 0.000016641 0.000 0.000000
 1.233 0.000016331 0.000 0.000000
 1.239 0.000016827 0.000 0.000000
 1.243 0.000016703 0.000 0.000000
 1.245 0.000016858 0.000 0.000000
 1.245 0.000016858 0.000 0.000000
 1.249 0.000016920 0.000 0.000000
 1.251 0.000016951 0.000 0.000000
 1.248 0.000016951 0.000 0.000000
 1.247 0.000016982 0.000 0.000000
 1.248 0.000017044 0.000 0.000000
 1.239 0.000017075 0.000 0.000000
 1.244 0.000016982 0.000 0.000000
 1.235 0.000016889 0.000 0.000000
 1.234 0.000017044 0.000 0.000000
 1.227 0.000016765 0.000 0.000000
 1.224 0.000016889 0.000 0.000000
 1.214 0.000016920 0.000 0.000000
 1.213 0.000016703 0.000 0.000000
 1.201 0.000016672 0.000 0.000000
 1.194 0.000016672 0.000 0.000000
 1.186 0.000016362 0.000 0.000000
 1.175 0.000016269 0.000 0.000000
 1.162 0.000016176 0.000 0.000000
 1.151 0.000015990 0.000 0.000000
 1.138 0.000015959 0.000 0.000000
 1.126 0.000015680 0.000 0.000000
 1.113 0.000015773 0.000 0.000000
 1.096 0.000015339 0.000 0.000000
 1.085 0.000015339 0.000 0.000000
 1.069 0.000015060 0.000 0.000000
 1.058 0.000014843 0.000 0.000000
 1.035 0.000014657 0.000 0.000000
 1.022 0.000014316 0.000 0.000000
 1.002 0.000014099 0.000 0.000000
 0.978 0.000013944 0.000 0.000000
 0.964 0.000013634 0.000 0.000000
 0.942 0.000013293 0.000 0.000000
 0.924 0.000013262 0.000 0.000000
 0.904 0.000012828 0.000 0.000000
 0.879 0.000012642 0.000 0.000000
 0.856 0.000012115 0.000 0.000000
 0.836 0.000011960 0.000 0.000000
 0.813 0.000011495 0.000 0.000000
 0.789 0.000011185 0.000 0.000000
 0.768 0.000010906 0.000 0.000000
 0.742 0.000010503 0.000 0.000000
 0.715 0.000010131 0.000 0.000000
 0.690 0.000009728 0.000 0.000000
 0.665 0.000009449 0.000 0.000000
 0.638 0.000009170 0.000 0.000000
 0.612 0.000008488 0.000 0.000000
 0.585 0.000008364 0.000 0.000000
 0.561 0.000008054 0.000 0.000000
 0.534 0.000007527 0.000 0.000000
 0.505 0.000007248 0.000 0.000000
 0.475 0.000006876 0.000 0.000000
 0.447 0.000006318 0.000 0.000000
 0.419 0.000006163 0.000 0.000000
 0.387 0.000005729 0.000 0.000000
 0.356 0.000005326 0.000 0.000000
 0.329 0.000004861 0.000 0.000000
 0.301 0.000004396 0.000 0.000000
 0.267 0.000003838 0.000 0.000000
 0.239 0.000003528 0.000 0.000000
 0.211 0.000003125 0.000 0.000000
 0.178 0.000002660 0.000 0.000000
 0.151 0.000002164 0.000 0.000000
 0.120 0.000001637 0.000 0.000000
 0.092 0.000001265 0.000 0.000000
 0.062 0.000000769 0.000 0.000000
 0.031 0.000000211 0.000 0.000000
 0.002 -0.000000068 0.000 0.000000
 -0.027 -0.000000502 0.000 0.000000
 -0.059 -0.000000998 0.000 0.000000
 -0.091 -0.000001866 0.000 0.000000
 -0.117 -0.000002238 0.000 0.000000
 -0.141 -0.000002982 0.000 0.000000
 -0.166 -0.000003850 0.000 0.000000
 -0.195 -0.000004563 0.000 0.000000
 -0.220 -0.000005524 0.000 0.000000
 -0.241 -0.000006113 0.000 0.000000
 -0.262 -0.000007353 0.000 0.000000
 -0.282 -0.000008314 0.000 0.000000
 -0.304 -0.000009213 0.000 0.000000
 -0.324 -0.000010484 0.000 0.000000
 -0.338 -0.000011662 0.000 0.000000
 -0.358 -0.000013150 0.000 0.000000
 -0.373 -0.000014452 0.000 0.000000
 -0.386 -0.000015816 0.000 0.000000
 -0.396 -0.000017118 0.000 0.000000
 -0.406 -0.000018265 0.000 0.000000
 -0.423 -0.000020032 0.000 0.000000
 -0.436 -0.000021582 0.000 0.000000
 -0.449 -0.000022636 0.000 0.000000
 -0.458 -0.000024217 0.000 0.000000
 -0.464 -0.000025550 0.000 0.000000
 -0.475 -0.000027286 0.000 0.000000
 -0.482 -0.000028681 0.000 0.000000
 -0.492 -0.000029890 0.000 0.000000
 -0.501 -0.000031161 0.000 0.000000
 -0.506 -0.000032556 0.000 0.000000
 -0.515 -0.000034199 0.000 0.000000
 -0.521 -0.000035718 0.000 0.000000
 -0.530 -0.000036803 0.000 0.000000
 -0.538 -0.000038043 0.000 0.000000
 -0.540 -0.000039562 0.000 0.000000
 -0.549 -0.000040771 0.000 0.000000
 -0.558 -0.000041825 0.000 0.000000
 -0.559 -0.000043220 0.000 0.000000
 -0.561 -0.000044367 0.000 0.000000
 -0.570 -0.000045421 0.000 0.000000
 -0.576 -0.000046320 0.000 0.000000
 -0.581 -0.000047374 0.000 0.000000
 -0.584 -0.000048614 0.000 0.000000
 -0.588 -0.000049606 0.000 0.000000
 -0.591 -0.000050257 0.000 0.000000
 -0.592 -0.000051249 0.000 0.000000
 -0.599 -0.000052396 0.000 0.000000
 -0.602 -0.000053016 0.000 0.000000
 -0.605 -0.000054070 0.000 0.000000
 -0.607 -0.000054721 0.000 0.000000
 -0.607 -0.000055372 0.000 0.000000
 -0.613 -0.000055868 0.000 0.000000
 -0.612 -0.000056488 0.000 0.000000
 -0.612 -0.000056984 0.000 0.000000
 -0.616 -0.000057418 0.000 0.000000
 -0.616 -0.000058038 0.000 0.000000
 -0.619 -0.000058410 0.000 0.000000
 -0.623 -0.000058689 0.000 0.000000
 -0.626 -0.000059123 0.000 0.000000
 -0.620 -0.000059557 0.000 0.000000
 -0.623 -0.000059743 0.000 0.000000
 -0.629 -0.000059898 0.000 0.000000
 -0.621 -0.000060053 0.000 0.000000
 -0.624 -0.000060115 0.000 0.000000
 -0.627 -0.000059960 0.000 0.000000
 -0.627 -0.000060022 0.000 0.000000
 -0.621 -0.000060115 0.000 0.000000
 -0.624 -0.000059619 0.000 0.000000
 -0.625 -0.000059743 0.000 0.000000
 -0.623 -0.000059650 0.000 0.000000
 -0.624 -0.000059123 0.000 0.000000
 -0.623 -0.000058906 0.000 0.000000
 -0.619 -0.000058317 0.000 0.000000
 -0.619 -0.000058193 0.000 0.000000
 -0.619 -0.000057697 0.000 0.000000
 -0.611 -0.000057108 0.000 0.000000
 -0.614 -0.000056612 0.000 0.000000
 -0.611 -0.000055930 0.000 0.000000
 -0.614 -0.000055310 0.000 0.000000
 -0.604 -0.000054721 0.000 0.000000
 -0.606 -0.000054008 0.000 0.000000
 -0.601 -0.000053357 0.000 0.000000
 -0.598 -0.000052396 0.000 0.000000
 -0.597 -0.000051652 0.000 0.000000
 -0.591 -0.000050629 0.000 0.000000
 -0.589 -0.000049451 0.000 0.000000
 -0.581 -0.000048645 0.000 0.000000
 -0.582 -0.000047560 0.000 0.000000
 -0.574 -0.000046630 0.000 0.000000
 -0.572 -0.000045607 0.000 0.000000
 -0.564 -0.000044708 0.000 0.000000
 -0.558 -0.000043468 0.000 0.000000
 -0.557 -0.000042166 0.000 0.000000
 -0.554 -0.000040895 0.000 0.000000
 -0.542 -0.000039872 0.000 0.000000
 -0.539 -0.000038446 0.000 0.000000
 -0.533 -0.000037051 0.000 0.000000
 -0.528 -0.000035687 0.000 0.000000
 -0.518 -0.000034447 0.000 0.000000
 -0.509 -0.000033052 0.000 0.000000
 -0.504 -0.000031657 0.000 0.000000
 -0.495 -0.000030200 0.000 0.000000
 -0.487 -0.000028712 0.000 0.000000
 -0.475 -0.000027348 0.000 0.000000
 -0.467 -0.000025953 0.000 0.000000
 -0.460 -0.000024403 0.000 0.000000
 -0.453 -0.000022946 0.000 0.000000
 -0.435 -0.000021737 0.000 0.000000
 -0.427 -0.000020218 0.000 0.000000
 -0.410 -0.000018575 0.000 0.000000
 -0.402 -0.000017118 0.000 0.000000
 -0.387 -0.000016033 0.000 0.000000
 -0.375 -0.000014607 0.000 0.000000
 -0.358 -0.000013274 0.000 0.000000
 -0.342 -0.000012127 0.000 0.000000
 -0.325 -0.000010918 0.000 0.000000
 -0.311 -0.000009523 0.000 0.000000
 -0.288 -0.000008438 0.000 0.000000
 -0.268 -0.000007291 0.000 0.000000
 -0.247 -0.000006361 0.000 0.000000
 -0.224 -0.000005679 0.000 0.000000
 -0.201 -0.000004656 0.000 0.000000
 -0.176 -0.000004098 0.000 0.000000
 -0.146 -0.000002982 0.000 0.000000
 -0.120 -0.000002424 0.000 0.000000
 -0.094 -0.000001928 0.000 0.000000
 -0.060 -0.000001153 0.000 0.000000
   1    2 -0.033 -0.000000719 0.000 0.000000
 -0.003 0.000000025 0.000 0.000000
 0.026 0.000000025 0.000 0.000000
 0.063 0.000000769 0.000 0.000000
 0.096 0.000000521 0.000 0.000000
 0.130 0.000001017 0.000 0.000000
 0.159 0.000001761 0.000 0.000000
 0.196 0.000001513 0.000 0.000000
 0.226 0.000001513 0.000 0.000000
 0.259 0.000001761 0.000 0.000000
 0.296 0.000002257 0.000 0.000000
 0.318 0.000002505 0.000 0.000000
 0.344 0.000002753 0.000 0.000000
 0.377 0.000002753 0.000 0.000000
 0.418 0.000003249 0.000 0.000000
 0.462 0.000002753 0.000 0.000000
 0.484 0.000003249 0.000 0.000000
 0.525 0.000003497 0.000 0.000000
 0.554 0.000003745 0.000 0.000000
 0.584 0.000003745 0.000 0.000000
 0.606 0.000003993 0.000 0.000000
 0.632 0.000003993 0.000 0.000000
 0.661 0.000004985 0.000 0.000000
 0.702 0.000004489 0.000 0.000000
 0.716 0.000004737 0.000 0.000000
 0.768 0.000005233 0.000 0.000000
 0.798 0.000005481 0.000 0.000000
 0.816 0.000005481 0.000 0.000000
 0.846 0.000005233 0.000 0.000000
 0.868 0.000005481 0.000 0.000000
 0.894 0.000005977 0.000 0.000000
 0.927 0.000006225 0.000 0.000000
 0.949 0.000006225 0.000 0.000000
 0.975 0.000006473 0.000 0.000000
 0.989 0.000006473 0.000 0.000000
 1.019 0.000006225 0.000 0.000000
 1.041 0.000006721 0.000 0.000000
 1.063 0.000006473 0.000 0.000000
 1.085 0.000007217 0.000 0.000000
 1.108 0.000007217 0.000 0.000000
 1.126 0.000006473 0.000 0.000000
 1.144 0.000007465 0.000 0.000000
 1.163 0.000006969 0.000 0.000000
 1.181 0.000007465 0.000 0.000000
 1.192 0.000007713 0.000 0.000000
 1.215 0.000007961 0.000 0.000000
 1.215 0.000007961 0.000 0.000000
 1.233 0.000007961 0.000 0.000000
 1.266 0.000007713 0.000 0.000000
 1.274 0.000008209 0.000 0.000000
 1.281 0.000007713 0.000 0.000000
 1.296 0.000007713 0.000 0.000000
 1.299 0.000007961 0.000 0.000000
 1.314 0.000007961 0.000 0.000000
 1.314 0.000008705 0.000 0.000000
 1.325 0.000007961 0.000 0.000000
 1.347 0.000008457 0.000 0.000000
 1.351 0.000007961 0.000 0.000000
 1.355 0.000007713 0.000 0.000000
 1.362 0.000007961 0.000 0.000000
 1.370 0.000008953 0.000 0.000000
 1.366 0.000008705 0.000 0.000000
 1.381 0.000008705 0.000 0.000000
 1.377 0.000008457 0.000 0.000000
 1.377 0.000008457 0.000 0.000000
 1.370 0.000007465 0.000 0.000000
 1.381 0.000009201 0.000 0.000000
 1.373 0.000008457 0.000 0.000000
 1.373 0.000008457 0.000 0.000000
 1.366 0.000008457 0.000 0.000000
 1.377 0.000008209 0.000 0.000000
 1.370 0.000008457 0.000 0.000000
 1.355 0.000008209 0.000 0.000000
 1.347 0.000007961 0.000 0.000000
 1.336 0.000008457 0.000 0.000000
 1.322 0.000008457 0.000 0.000000
 1.336 0.000008457 0.000 0.000000
 1.314 0.000008457 0.000 0.000000
 1.314 0.000008457 0.000 0.000000
 1.296 0.000007713 0.000 0.000000
 1.288 0.000007961 0.000 0.000000
 1.266 0.000007713 0.000 0.000000
 1.248 0.000007961 0.000 0.000000
 1.244 0.000008457 0.000 0.000000
 1.237 0.000007713 0.000 0.000000
 1.218 0.000007961 0.000 0.000000
 1.196 0.000007465 0.000 0.000000
 1.181 0.000007217 0.000 0.000000
 1.163 0.000007465 0.000 0.000000
 1.141 0.000007465 0.000 0.000000
 1.130 0.000007217 0.000 0.000000
 1.100 0.000007465 0.000 0.000000
 1.082 0.000006721 0.000 0.000000
 1.063 0.000006721 0.000 0.000000
 1.030 0.000006721 0.000 0.000000
 1.026 0.000006721 0.000 0.000000
 0.993 0.000006969 0.000 0.000000
 0.971 0.000006473 0.000 0.000000
 0.949 0.000006473 0.000 0.000000
 0.919 0.000006225 0.000 0.000000
 0.901 0.000006225 0.000 0.000000
 0.860 0.000005977 0.000 0.000000
 0.842 0.000005729 0.000 0.000000
 0.809 0.000005729 0.000 0.000000
 0.783 0.000005977 0.000 0.000000
 0.746 0.000005481 0.000 0.000000
 0.727 0.000005233 0.000 0.000000
 0.713 0.000004489 0.000 0.000000
 0.672 0.000004985 0.000 0.000000
 0.650 0.000004985 0.000 0.000000
 0.613 0.000003993 0.000 0.000000
 0.587 0.000003249 0.000 0.000000
 0.554 0.000004241 0.000 0.000000
 0.517 0.000003745 0.000 0.000000
 0.488 0.000003745 0.000 0.000000
 0.447 0.000003497 0.000 0.000000
 0.425 0.000003497 0.000 0.000000
 0.395 0.000003249 0.000 0.000000
 0.370 0.000002505 0.000 0.000000
 0.333 0.000002505 0.000 0.000000
 0.292 0.000002753 0.000 0.000000
 0.263 0.000002009 0.000 0.000000
 0.229 0.000001761 0.000 0.000000
 0.192 0.000001761 0.000 0.000000
 0.159 0.000001513 0.000 0.000000
 0.130 0.000001513 0.000 0.000000
 0.100 0.000000769 0.000 0.000000
 0.067 0.000001017 0.000 0.000000
 0.034 0.000000025 0.000 0.000000
 0.004 -0.000000471 0.000 0.000000
 -0.033 -0.000000719 0.000 0.000000
 -0.066 -0.000001215 0.000 0.000000
 -0.088 -0.000000967 0.000 0.000000
 -0.114 -0.000001959 0.000 0.000000
 -0.136 -0.000002703 0.000 0.000000
 -0.162 -0.000003695 0.000 0.000000
 -0.195 -0.000004439 0.000 0.000000
 -0.210 -0.000005679 0.000 0.000000
 -0.239 -0.000006175 0.000 0.000000
 -0.254 -0.000007663 0.000 0.000000
 -0.280 -0.000008407 0.000 0.000000
 -0.302 -0.000009647 0.000 0.000000
 -0.324 -0.000010639 0.000 0.000000
 -0.335 -0.000012623 0.000 0.000000
 -0.354 -0.000012871 0.000 0.000000
 -0.365 -0.000014607 0.000 0.000000
 -0.383 -0.000015351 0.000 0.000000
 -0.405 -0.000016839 0.000 0.000000
 -0.431 -0.000017831 0.000 0.000000
 -0.431 -0.000019071 0.000 0.000000
 -0.457 -0.000020559 0.000 0.000000
 -0.461 -0.000022295 0.000 0.000000
 -0.475 -0.000022295 0.000 0.000000
 -0.494 -0.000023783 0.000 0.000000
 -0.501 -0.000025271 0.000 0.000000
 -0.512 -0.000026511 0.000 0.000000
 -0.527 -0.000027751 0.000 0.000000
 -0.542 -0.000028495 0.000 0.000000
 -0.553 -0.000029735 0.000 0.000000
 -0.560 -0.000030975 0.000 0.000000
 -0.582 -0.000032215 0.000 0.000000
 -0.594 -0.000032959 0.000 0.000000
 -0.597 -0.000033951 0.000 0.000000
 -0.616 -0.000035191 0.000 0.000000
 -0.616 -0.000036183 0.000 0.000000
 -0.638 -0.000036927 0.000 0.000000
 -0.638 -0.000038663 0.000 0.000000
 -0.642 -0.000038911 0.000 0.000000
 -0.656 -0.000040151 0.000 0.000000
 -0.671 -0.000039903 0.000 0.000000
 -0.667 -0.000041143 0.000 0.000000
 -0.682 -0.000041887 0.000 0.000000
 -0.693 -0.000042135 0.000 0.000000
 -0.697 -0.000043375 0.000 0.000000
 -0.715 -0.000043871 0.000 0.000000
 -0.708 -0.000044863 0.000 0.000000
 -0.730 -0.000045855 0.000 0.000000
 -0.723 -0.000045855 0.000 0.000000
 -0.726 -0.000046351 0.000 0.000000
 -0.737 -0.000046599 0.000 0.000000
 -0.741 -0.000047095 0.000 0.000000
 -0.745 -0.000047839 0.000 0.000000
 -0.734 -0.000047839 0.000 0.000000
 -0.756 -0.000048335 0.000 0.000000
 -0.760 -0.000049327 0.000 0.000000
 -0.752 -0.000049079 0.000 0.000000
 -0.760 -0.000050071 0.000 0.000000
 -0.760 -0.000049823 0.000 0.000000
 -0.763 -0.000050071 0.000 0.000000
 -0.760 -0.000050567 0.000 0.000000
 -0.756 -0.000049823 0.000 0.000000
 -0.767 -0.000050567 0.000 0.000000
 -0.763 -0.000049823 0.000 0.000000
 -0.774 -0.000050815 0.000 0.000000
 -0.763 -0.000050319 0.000 0.000000
 -0.752 -0.000050567 0.000 0.000000
 -0.760 -0.000050567 0.000 0.000000
 -0.767 -0.000049823 0.000 0.000000
 -0.756 -0.000050319 0.000 0.000000
 -0.763 -0.000049823 0.000 0.000000
 -0.760 -0.000049575 0.000 0.000000
 -0.756 -0.000049327 0.000 0.000000
 -0.749 -0.000049327 0.000 0.000000
 -0.745 -0.000048335 0.000 0.000000
 -0.741 -0.000048087 0.000 0.000000
 -0.749 -0.000047591 0.000 0.000000
 -0.737 -0.000047343 0.000 0.000000
 -0.726 -0.000047095 0.000 0.000000
 -0.726 -0.000046847 0.000 0.000000
 -0.719 -0.000045855 0.000 0.000000
 -0.730 -0.000045359 0.000 0.000000
 -0.708 -0.000045111 0.000 0.000000
 -0.712 -0.000043623 0.000 0.000000
 -0.697 -0.000043127 0.000 0.000000
 -0.693 -0.000042135 0.000 0.000000
 -0.686 -0.000042135 0.000 0.000000
 -0.675 -0.000041391 0.000 0.000000
 -0.678 -0.000039903 0.000 0.000000
 -0.660 -0.000039655 0.000 0.000000
 -0.645 -0.000038911 0.000 0.000000
 -0.649 -0.000037919 0.000 0.000000
 -0.630 -0.000036679 0.000 0.000000
 -0.616 -0.000035935 0.000 0.000000
 -0.612 -0.000034695 0.000 0.000000
 -0.608 -0.000033951 0.000 0.000000
 -0.590 -0.000032463 0.000 0.000000
 -0.582 -0.000032215 0.000 0.000000
 -0.575 -0.000030727 0.000 0.000000
 -0.560 -0.000029239 0.000 0.000000
 -0.549 -0.000028247 0.000 0.000000
 -0.535 -0.000027503 0.000 0.000000
 -0.527 -0.000026263 0.000 0.000000
 -0.512 -0.000025023 0.000 0.000000
 -0.494 -0.000024031 0.000 0.000000
 -0.487 -0.000022543 0.000 0.000000
 -0.461 -0.000022047 0.000 0.000000
 -0.461 -0.000019815 0.000 0.000000
 -0.446 -0.000019071 0.000 0.000000
 -0.431 -0.000017583 0.000 0.000000
 -0.402 -0.000016591 0.000 0.000000
 -0.391 -0.000015847 0.000 0.000000
 -0.368 -0.000014607 0.000 0.000000
 -0.368 -0.000013367 0.000 0.000000
 -0.339 -0.000012127 0.000 0.000000
 -0.328 -0.000010887 0.000 0.000000
 -0.309 -0.000009647 0.000 0.000000
 -0.280 -0.000008655 0.000 0.000000
 -0.258 -0.000007911 0.000 0.000000
 -0.250 -0.000007167 0.000 0.000000
 -0.225 -0.000005431 0.000 0.000000
 -0.199 -0.000004191 0.000 0.000000
 -0.169 -0.000003943 0.000 0.000000
 -0.143 -0.000002703 0.000 0.000000
 -0.121 -0.000003199 0.000 0.000000
 -0.095 -0.000001463 0.000 0.000000
 -0.070 -0.000001215 0.000 0.000000
32000
