Oxidized Tin
256
   1    1 -3.094 -0.000004289 0.000 0.000000
 -2.892 -0.000005963 0.000 0.000000
 -2.779 -0.000006793 0.000 0.000000
 -2.702 -0.000007259 0.000 0.000000
 -2.639 -0.000007594 0.000 0.000000
 -2.585 -0.000007855 0.000 0.000000
 -2.534 -0.000008044 0.000 0.000000
 -2.493 -0.000008170 0.000 0.000000
 -2.451 -0.000008334 0.000 0.000000
 -2.411 -0.000008415 0.000 0.000000
 -2.380 -0.000008442 0.000 0.000000
 -2.347 -0.000008499 0.000 0.000000
 -2.316 -0.000008523 0.000 0.000000
 -2.281 -0.000008580 0.000 0.000000
 -2.255 -0.000008573 0.000 0.000000
 -2.231 -0.000008546 0.000 0.000000
 -2.199 -0.000008575 0.000 0.000000
 -2.170 -0.000008544 0.000 0.000000
 -2.147 -0.000008508 0.000 0.000000
 -2.124 -0.000008447 0.000 0.000000
 -2.099 -0.000008422 0.000 0.000000
 -2.075 -0.000008364 0.000 0.000000
 -2.056 -0.000008269 0.000 0.000000
 -2.033 -0.000008215 0.000 0.000000
 -2.005 -0.000008213 0.000 0.000000
 -1.990 -0.000008098 0.000 0.000000
 -1.965 -0.000008037 0.000 0.000000
 -1.943 -0.000007990 0.000 0.000000
 -1.916 -0.000007943 0.000 0.000000
 -1.894 -0.000007900 0.000 0.000000
 -1.876 -0.000007810 0.000 0.000000
 -1.851 -0.000007770 0.000 0.000000
 -1.831 -0.000007668 0.000 0.000000
 -1.813 -0.000007578 0.000 0.000000
 -1.797 -0.000007459 0.000 0.000000
 -1.773 -0.000007410 0.000 0.000000
 -1.755 -0.000007322 0.000 0.000000
 -1.734 -0.000007241 0.000 0.000000
 -1.716 -0.000007144 0.000 0.000000
 -1.697 -0.000007045 0.000 0.000000
 -1.675 -0.000006969 0.000 0.000000
 -1.661 -0.000006863 0.000 0.000000
 -1.640 -0.000006793 0.000 0.000000
 -1.621 -0.000006723 0.000 0.000000
 -1.598 -0.000006645 0.000 0.000000
 -1.582 -0.000006548 0.000 0.000000
 -1.562 -0.000006444 0.000 0.000000
 -1.545 -0.000006336 0.000 0.000000
 -1.528 -0.000006235 0.000 0.000000
 -1.508 -0.000006165 0.000 0.000000
 -1.486 -0.000006078 0.000 0.000000
 -1.469 -0.000005965 0.000 0.000000
 -1.450 -0.000005875 0.000 0.000000
 -1.430 -0.000005796 0.000 0.000000
 -1.411 -0.000005715 0.000 0.000000
 -1.394 -0.000005619 0.000 0.000000
 -1.373 -0.000005551 0.000 0.000000
 -1.352 -0.000005472 0.000 0.000000
 -1.332 -0.000005382 0.000 0.000000
 -1.315 -0.000005281 0.000 0.000000
 -1.295 -0.000005205 0.000 0.000000
 -1.277 -0.000005081 0.000 0.000000
 -1.258 -0.000005004 0.000 0.000000
 -1.241 -0.000004899 0.000 0.000000
 -1.222 -0.000004793 0.000 0.000000
 -1.201 -0.000004723 0.000 0.000000
 -1.183 -0.000004629 0.000 0.000000
 -1.164 -0.000004548 0.000 0.000000
 -1.145 -0.000004455 0.000 0.000000
 -1.126 -0.000004350 0.000 0.000000
 -1.106 -0.000004273 0.000 0.000000
 -1.087 -0.000004183 0.000 0.000000
 -1.068 -0.000004095 0.000 0.000000
 -1.048 -0.000004017 0.000 0.000000
 -1.030 -0.000003906 0.000 0.000000
 -1.011 -0.000003819 0.000 0.000000
 -0.991 -0.000003720 0.000 0.000000
 -0.974 -0.000003621 0.000 0.000000
 -0.953 -0.000003546 0.000 0.000000
 -0.933 -0.000003481 0.000 0.000000
 -0.916 -0.000003384 0.000 0.000000
 -0.892 -0.000003299 0.000 0.000000
 -0.873 -0.000003202 0.000 0.000000
 -0.854 -0.000003126 0.000 0.000000
 -0.836 -0.000003024 0.000 0.000000
 -0.817 -0.000002943 0.000 0.000000
 -0.797 -0.000002860 0.000 0.000000
 -0.779 -0.000002766 0.000 0.000000
 -0.756 -0.000002671 0.000 0.000000
 -0.735 -0.000002583 0.000 0.000000
 -0.716 -0.000002509 0.000 0.000000
 -0.698 -0.000002419 0.000 0.000000
 -0.678 -0.000002352 0.000 0.000000
 -0.658 -0.000002253 0.000 0.000000
 -0.637 -0.000002199 0.000 0.000000
 -0.616 -0.000002113 0.000 0.000000
 -0.598 -0.000002023 0.000 0.000000
 -0.578 -0.000001944 0.000 0.000000
 -0.556 -0.000001863 0.000 0.000000
 -0.536 -0.000001776 0.000 0.000000
 -0.515 -0.000001697 0.000 0.000000
 -0.493 -0.000001620 0.000 0.000000
 -0.476 -0.000001515 0.000 0.000000
 -0.453 -0.000001452 0.000 0.000000
 -0.435 -0.000001382 0.000 0.000000
 -0.412 -0.000001294 0.000 0.000000
 -0.393 -0.000001233 0.000 0.000000
 -0.373 -0.000001152 0.000 0.000000
 -0.352 -0.000001085 0.000 0.000000
 -0.331 -0.000001017 0.000 0.000000
 -0.312 -0.000000948 0.000 0.000000
 -0.287 -0.000000871 0.000 0.000000
 -0.266 -0.000000808 0.000 0.000000
 -0.245 -0.000000745 0.000 0.000000
 -0.224 -0.000000666 0.000 0.000000
 -0.204 -0.000000597 0.000 0.000000
 -0.181 -0.000000516 0.000 0.000000
 -0.160 -0.000000441 0.000 0.000000
 -0.136 -0.000000390 0.000 0.000000
 -0.118 -0.000000297 0.000 0.000000
 -0.094 -0.000000252 0.000 0.000000
 -0.074 -0.000000192 0.000 0.000000
 -0.046 -0.000000138 0.000 0.000000
 -0.026 -0.000000077 0.000 0.000000
 -0.005 -0.000000012 0.000 0.000000
 0.018 0.000000020 0.000 0.000000
 0.042 0.000000078 0.000 0.000000
 0.067 0.000000130 0.000 0.000000
 0.091 0.000000150 0.000 0.000000
 0.111 0.000000207 0.000 0.000000
 0.134 0.000000247 0.000 0.000000
 0.162 0.000000267 0.000 0.000000
 0.188 0.000000306 0.000 0.000000
 0.213 0.000000312 0.000 0.000000
 0.240 0.000000324 0.000 0.000000
 0.267 0.000000337 0.000 0.000000
 0.297 0.000000337 0.000 0.000000
 0.325 0.000000335 0.000 0.000000
 0.354 0.000000319 0.000 0.000000
 0.382 0.000000321 0.000 0.000000
 0.413 0.000000294 0.000 0.000000
 0.441 0.000000303 0.000 0.000000
 0.471 0.000000279 0.000 0.000000
 0.499 0.000000285 0.000 0.000000
 0.528 0.000000283 0.000 0.000000
 0.556 0.000000279 0.000 0.000000
 0.582 0.000000283 0.000 0.000000
 0.611 0.000000290 0.000 0.000000
 0.636 0.000000308 0.000 0.000000
 0.665 0.000000312 0.000 0.000000
 0.691 0.000000333 0.000 0.000000
 0.718 0.000000324 0.000 0.000000
 0.746 0.000000351 0.000 0.000000
 0.772 0.000000357 0.000 0.000000
 0.800 0.000000378 0.000 0.000000
 0.826 0.000000389 0.000 0.000000
 0.855 0.000000391 0.000 0.000000
 0.879 0.000000436 0.000 0.000000
 0.907 0.000000465 0.000 0.000000
 0.931 0.000000486 0.000 0.000000
 0.959 0.000000497 0.000 0.000000
 0.986 0.000000510 0.000 0.000000
 1.009 0.000000535 0.000 0.000000
 1.037 0.000000573 0.000 0.000000
 1.063 0.000000585 0.000 0.000000
 1.090 0.000000582 0.000 0.000000
 1.116 0.000000605 0.000 0.000000
 1.139 0.000000663 0.000 0.000000
 1.162 0.000000722 0.000 0.000000
 1.184 0.000000780 0.000 0.000000
 1.204 0.000000848 0.000 0.000000
 1.231 0.000000850 0.000 0.000000
 1.260 0.000000852 0.000 0.000000
 1.286 0.000000870 0.000 0.000000
 1.310 0.000000909 0.000 0.000000
 1.328 0.000001008 0.000 0.000000
 1.350 0.000001059 0.000 0.000000
 1.372 0.000001129 0.000 0.000000
 1.393 0.000001210 0.000 0.000000
 1.414 0.000001269 0.000 0.000000
 1.441 0.000001298 0.000 0.000000
 1.461 0.000001374 0.000 0.000000
 1.487 0.000001365 0.000 0.000000
 1.507 0.000001467 0.000 0.000000
 1.530 0.000001512 0.000 0.000000
 1.554 0.000001566 0.000 0.000000
 1.584 0.000001568 0.000 0.000000
 1.611 0.000001584 0.000 0.000000
 1.632 0.000001647 0.000 0.000000
 1.658 0.000001667 0.000 0.000000
 1.679 0.000001757 0.000 0.000000
 1.701 0.000001800 0.000 0.000000
 1.722 0.000001890 0.000 0.000000
 1.746 0.000001928 0.000 0.000000
 1.767 0.000001986 0.000 0.000000
 1.794 0.000002002 0.000 0.000000
 1.818 0.000002054 0.000 0.000000
 1.844 0.000002079 0.000 0.000000
 1.869 0.000002108 0.000 0.000000
 1.890 0.000002173 0.000 0.000000
 1.915 0.000002211 0.000 0.000000
 1.942 0.000002225 0.000 0.000000
 1.967 0.000002283 0.000 0.000000
 1.981 0.000002380 0.000 0.000000
 2.001 0.000002463 0.000 0.000000
 2.026 0.000002502 0.000 0.000000
 2.052 0.000002551 0.000 0.000000
 2.075 0.000002605 0.000 0.000000
 2.103 0.000002592 0.000 0.000000
 2.129 0.000002610 0.000 0.000000
 2.152 0.000002646 0.000 0.000000
 2.177 0.000002693 0.000 0.000000
 2.202 0.000002713 0.000 0.000000
 2.230 0.000002727 0.000 0.000000
 2.251 0.000002792 0.000 0.000000
 2.278 0.000002814 0.000 0.000000
 2.304 0.000002837 0.000 0.000000
 2.328 0.000002877 0.000 0.000000
 2.352 0.000002898 0.000 0.000000
 2.381 0.000002902 0.000 0.000000
 2.407 0.000002961 0.000 0.000000
 2.434 0.000002938 0.000 0.000000
 2.461 0.000002983 0.000 0.000000
 2.478 0.000003084 0.000 0.000000
 2.503 0.000003116 0.000 0.000000
 2.535 0.000003060 0.000 0.000000
 2.559 0.000003100 0.000 0.000000
 2.576 0.000003240 0.000 0.000000
 2.593 0.000003334 0.000 0.000000
 2.598 0.000003559 0.000 0.000000
 2.626 0.000003552 0.000 0.000000
 2.655 0.000003559 0.000 0.000000
 2.675 0.000003651 0.000 0.000000
 2.710 0.000003582 0.000 0.000000
 2.734 0.000003606 0.000 0.000000
 2.760 0.000003631 0.000 0.000000
 2.787 0.000003649 0.000 0.000000
 2.809 0.000003699 0.000 0.000000
 2.833 0.000003741 0.000 0.000000
 2.857 0.000003768 0.000 0.000000
 2.884 0.000003795 0.000 0.000000
 2.901 0.000003897 0.000 0.000000
 2.924 0.000003930 0.000 0.000000
 2.952 0.000003930 0.000 0.000000
 2.972 0.000004016 0.000 0.000000
 2.997 0.000004056 0.000 0.000000
 3.017 0.000004135 0.000 0.000000
 3.039 0.000004212 0.000 0.000000
 3.055 0.000004311 0.000 0.000000
 3.078 0.000004358 0.000 0.000000
 3.098 0.000004437 0.000 0.000000
 3.116 0.000004540 0.000 0.000000
 3.131 0.000004680 0.000 0.000000
 3.140 0.000004828 0.000 0.000000
 3.153 0.000004986 0.000 0.000000
 3.171 0.000005094 0.000 0.000000
   1    2 -0.142 -0.000000291 0.000 0.000000
 -0.017 -0.000000034 0.000 0.000000
 0.107 0.000000281 0.000 0.000000
 0.228 0.000000600 0.000 0.000000
 0.348 0.000000947 0.000 0.000000
 0.463 0.000001352 0.000 0.000000
 0.574 0.000001779 0.000 0.000000
 0.681 0.000002234 0.000 0.000000
 0.788 0.000002706 0.000 0.000000
 0.896 0.000003183 0.000 0.000000
 1.000 0.000003629 0.000 0.000000
 1.092 0.000004178 0.000 0.000000
 1.190 0.000004668 0.000 0.000000
 1.282 0.000005217 0.000 0.000000
 1.380 0.000005802 0.000 0.000000
 1.467 0.000006329 0.000 0.000000
 1.554 0.000006914 0.000 0.000000
 1.642 0.000007449 0.000 0.000000
 1.724 0.000008084 0.000 0.000000
 1.809 0.000008624 0.000 0.000000
 1.884 0.000009263 0.000 0.000000
 1.970 0.000009830 0.000 0.000000
 2.043 0.000010424 0.000 0.000000
 2.119 0.000011018 0.000 0.000000
 2.194 0.000011576 0.000 0.000000
 2.266 0.000012156 0.000 0.000000
 2.340 0.000012737 0.000 0.000000
 2.407 0.000013268 0.000 0.000000
 2.477 0.000013871 0.000 0.000000
 2.548 0.000014348 0.000 0.000000
 2.624 0.000014753 0.000 0.000000
 2.692 0.000015243 0.000 0.000000
 2.757 0.000015680 0.000 0.000000
 2.829 0.000016139 0.000 0.000000
 2.888 0.000016638 0.000 0.000000
 2.950 0.000017052 0.000 0.000000
 3.014 0.000017417 0.000 0.000000
 3.076 0.000017826 0.000 0.000000
 3.132 0.000018191 0.000 0.000000
 3.197 0.000018465 0.000 0.000000
 3.261 0.000018762 0.000 0.000000
 3.318 0.000019028 0.000 0.000000
 3.369 0.000019343 0.000 0.000000
 3.427 0.000019581 0.000 0.000000
 3.478 0.000019788 0.000 0.000000
 3.532 0.000020018 0.000 0.000000
 3.584 0.000020229 0.000 0.000000
 3.640 0.000020391 0.000 0.000000
 3.690 0.000020522 0.000 0.000000
 3.736 0.000020661 0.000 0.000000
 3.782 0.000020760 0.000 0.000000
 3.828 0.000020810 0.000 0.000000
 3.873 0.000020837 0.000 0.000000
 3.920 0.000020904 0.000 0.000000
 3.965 0.000020891 0.000 0.000000
 4.006 0.000020904 0.000 0.000000
 4.037 0.000020828 0.000 0.000000
 4.080 0.000020769 0.000 0.000000
 4.115 0.000020706 0.000 0.000000
 4.155 0.000020558 0.000 0.000000
 4.188 0.000020463 0.000 0.000000
 4.214 0.000020364 0.000 0.000000
 4.238 0.000020247 0.000 0.000000
 4.266 0.000020031 0.000 0.000000
 4.286 0.000019865 0.000 0.000000
 4.309 0.000019676 0.000 0.000000
 4.330 0.000019478 0.000 0.000000
 4.340 0.000019262 0.000 0.000000
 4.356 0.000019064 0.000 0.000000
 4.367 0.000018861 0.000 0.000000
 4.380 0.000018618 0.000 0.000000
 4.377 0.000018411 0.000 0.000000
 4.378 0.000018195 0.000 0.000000
 4.374 0.000017948 0.000 0.000000
 4.373 0.000017633 0.000 0.000000
 4.363 0.000017412 0.000 0.000000
 4.356 0.000017151 0.000 0.000000
 4.342 0.000016890 0.000 0.000000
 4.320 0.000016571 0.000 0.000000
 4.305 0.000016292 0.000 0.000000
 4.272 0.000016067 0.000 0.000000
 4.245 0.000015788 0.000 0.000000
 4.216 0.000015446 0.000 0.000000
 4.188 0.000015140 0.000 0.000000
 4.156 0.000014802 0.000 0.000000
 4.115 0.000014460 0.000 0.000000
 4.083 0.000014096 0.000 0.000000
 4.039 0.000013740 0.000 0.000000
 3.992 0.000013394 0.000 0.000000
 3.943 0.000013038 0.000 0.000000
 3.897 0.000012642 0.000 0.000000
 3.859 0.000012215 0.000 0.000000
 3.801 0.000011828 0.000 0.000000
 3.745 0.000011490 0.000 0.000000
 3.687 0.000011049 0.000 0.000000
 3.620 0.000010694 0.000 0.000000
 3.555 0.000010298 0.000 0.000000
 3.490 0.000009924 0.000 0.000000
 3.413 0.000009542 0.000 0.000000
 3.341 0.000009110 0.000 0.000000
 3.268 0.000008651 0.000 0.000000
 3.182 0.000008295 0.000 0.000000
 3.104 0.000007962 0.000 0.000000
 3.017 0.000007571 0.000 0.000000
 2.928 0.000007206 0.000 0.000000
 2.836 0.000006833 0.000 0.000000
 2.743 0.000006450 0.000 0.000000
 2.652 0.000006086 0.000 0.000000
 2.552 0.000005735 0.000 0.000000
 2.452 0.000005312 0.000 0.000000
 2.347 0.000004974 0.000 0.000000
 2.241 0.000004664 0.000 0.000000
 2.132 0.000004353 0.000 0.000000
 2.020 0.000004038 0.000 0.000000
 1.909 0.000003732 0.000 0.000000
 1.791 0.000003417 0.000 0.000000
 1.675 0.000003147 0.000 0.000000
 1.557 0.000002841 0.000 0.000000
 1.431 0.000002571 0.000 0.000000
 1.311 0.000002306 0.000 0.000000
 1.186 0.000002076 0.000 0.000000
 1.064 0.000001824 0.000 0.000000
 0.933 0.000001563 0.000 0.000000
 0.801 0.000001284 0.000 0.000000
 0.670 0.000001068 0.000 0.000000
 0.546 0.000000857 0.000 0.000000
 0.410 0.000000636 0.000 0.000000
 0.278 0.000000371 0.000 0.000000
 0.141 0.000000200 0.000 0.000000
 0.013 -0.000000012 0.000 0.000000
 -0.124 -0.000000223 0.000 0.000000
 -0.254 -0.000000426 0.000 0.000000
 -0.387 -0.000000736 0.000 0.000000
 -0.511 -0.000000921 0.000 0.000000
 -0.642 -0.000001236 0.000 0.000000
 -0.767 -0.000001528 0.000 0.000000
 -0.892 -0.000001857 0.000 0.000000
 -1.007 -0.000002176 0.000 0.000000
 -1.130 -0.000002509 0.000 0.000000
 -1.245 -0.000002932 0.000 0.000000
 -1.362 -0.000003265 0.000 0.000000
 -1.467 -0.000003666 0.000 0.000000
 -1.580 -0.000004030 0.000 0.000000
 -1.688 -0.000004440 0.000 0.000000
 -1.788 -0.000004836 0.000 0.000000
 -1.891 -0.000005295 0.000 0.000000
 -1.997 -0.000005623 0.000 0.000000
 -2.093 -0.000006073 0.000 0.000000
 -2.192 -0.000006541 0.000 0.000000
 -2.275 -0.000007027 0.000 0.000000
 -2.362 -0.000007486 0.000 0.000000
 -2.449 -0.000008004 0.000 0.000000
 -2.539 -0.000008413 0.000 0.000000
 -2.623 -0.000008859 0.000 0.000000
 -2.703 -0.000009381 0.000 0.000000
 -2.773 -0.000009916 0.000 0.000000
 -2.849 -0.000010411 0.000 0.000000
 -2.930 -0.000010866 0.000 0.000000
 -2.997 -0.000011338 0.000 0.000000
 -3.068 -0.000011770 0.000 0.000000
 -3.141 -0.000012229 0.000 0.000000
 -3.198 -0.000012742 0.000 0.000000
 -3.269 -0.000013143 0.000 0.000000
 -3.333 -0.000013539 0.000 0.000000
 -3.380 -0.000014056 0.000 0.000000
 -3.453 -0.000014340 0.000 0.000000
 -3.513 -0.000014668 0.000 0.000000
 -3.565 -0.000015073 0.000 0.000000
 -3.612 -0.000015555 0.000 0.000000
 -3.648 -0.000016036 0.000 0.000000
 -3.694 -0.000016378 0.000 0.000000
 -3.733 -0.000016833 0.000 0.000000
 -3.763 -0.000017229 0.000 0.000000
 -3.800 -0.000017638 0.000 0.000000
 -3.843 -0.000017953 0.000 0.000000
 -3.878 -0.000018259 0.000 0.000000
 -3.901 -0.000018700 0.000 0.000000
 -3.930 -0.000019038 0.000 0.000000
 -3.955 -0.000019285 0.000 0.000000
 -3.975 -0.000019663 0.000 0.000000
 -3.986 -0.000020059 0.000 0.000000
 -3.993 -0.000020446 0.000 0.000000
 -4.008 -0.000020721 0.000 0.000000
 -4.014 -0.000021067 0.000 0.000000
 -4.019 -0.000021238 0.000 0.000000
 -4.039 -0.000021423 0.000 0.000000
 -4.032 -0.000021742 0.000 0.000000
 -4.041 -0.000021922 0.000 0.000000
 -4.034 -0.000022206 0.000 0.000000
 -4.038 -0.000022246 0.000 0.000000
 -4.034 -0.000022458 0.000 0.000000
 -4.032 -0.000022579 0.000 0.000000
 -4.009 -0.000022809 0.000 0.000000
 -4.002 -0.000022926 0.000 0.000000
 -3.987 -0.000023056 0.000 0.000000
 -3.961 -0.000023236 0.000 0.000000
 -3.957 -0.000023268 0.000 0.000000
 -3.931 -0.000023367 0.000 0.000000
 -3.912 -0.000023385 0.000 0.000000
 -3.893 -0.000023394 0.000 0.000000
 -3.877 -0.000023317 0.000 0.000000
 -3.852 -0.000023349 0.000 0.000000
 -3.826 -0.000023263 0.000 0.000000
 -3.808 -0.000023110 0.000 0.000000
 -3.774 -0.000023034 0.000 0.000000
 -3.750 -0.000022890 0.000 0.000000
 -3.721 -0.000022728 0.000 0.000000
 -3.680 -0.000022602 0.000 0.000000
 -3.653 -0.000022386 0.000 0.000000
 -3.607 -0.000022273 0.000 0.000000
 -3.570 -0.000022021 0.000 0.000000
 -3.534 -0.000021720 0.000 0.000000
 -3.510 -0.000021337 0.000 0.000000
 -3.446 -0.000021198 0.000 0.000000
 -3.404 -0.000020892 0.000 0.000000
 -3.363 -0.000020554 0.000 0.000000
 -3.319 -0.000020185 0.000 0.000000
 -3.283 -0.000019708 0.000 0.000000
 -3.240 -0.000019330 0.000 0.000000
 -3.192 -0.000018912 0.000 0.000000
 -3.143 -0.000018471 0.000 0.000000
 -3.093 -0.000018061 0.000 0.000000
 -3.045 -0.000017526 0.000 0.000000
 -2.997 -0.000017022 0.000 0.000000
 -2.937 -0.000016590 0.000 0.000000
 -2.879 -0.000016059 0.000 0.000000
 -2.825 -0.000015496 0.000 0.000000
 -2.761 -0.000015019 0.000 0.000000
 -2.701 -0.000014443 0.000 0.000000
 -2.638 -0.000013854 0.000 0.000000
 -2.575 -0.000013314 0.000 0.000000
 -2.510 -0.000012747 0.000 0.000000
 -2.443 -0.000012157 0.000 0.000000
 -2.376 -0.000011545 0.000 0.000000
 -2.298 -0.000011032 0.000 0.000000
 -2.226 -0.000010407 0.000 0.000000
 -2.150 -0.000009817 0.000 0.000000
 -2.075 -0.000009259 0.000 0.000000
 -1.993 -0.000008701 0.000 0.000000
 -1.911 -0.000008116 0.000 0.000000
 -1.829 -0.000007545 0.000 0.000000
 -1.741 -0.000007000 0.000 0.000000
 -1.648 -0.000006492 0.000 0.000000
 -1.560 -0.000005956 0.000 0.000000
 -1.464 -0.000005443 0.000 0.000000
 -1.368 -0.000004912 0.000 0.000000
 -1.272 -0.000004395 0.000 0.000000
 -1.170 -0.000003895 0.000 0.000000
 -1.061 -0.000003477 0.000 0.000000
 -0.957 -0.000003036 0.000 0.000000
 -0.845 -0.000002563 0.000 0.000000
 -0.736 -0.000002136 0.000 0.000000
 -0.620 -0.000001758 0.000 0.000000
 -0.506 -0.000001366 0.000 0.000000
 -0.386 -0.000000975 0.000 0.000000
 -0.267 -0.000000660 0.000 0.000000
   1    3 -0.009 -0.000000041 0.000 0.000000
 0.011 0.000000031 0.000 0.000000
 0.032 0.000000103 0.000 0.000000
 0.054 0.000000171 0.000 0.000000
 0.076 0.000000231 0.000 0.000000
 0.096 0.000000294 0.000 0.000000
 0.115 0.000000366 0.000 0.000000
 0.137 0.000000443 0.000 0.000000
 0.157 0.000000501 0.000 0.000000
 0.179 0.000000589 0.000 0.000000
 0.200 0.000000666 0.000 0.000000
 0.221 0.000000744 0.000 0.000000
 0.242 0.000000816 0.000 0.000000
 0.261 0.000000891 0.000 0.000000
 0.281 0.000000965 0.000 0.000000
 0.303 0.000001039 0.000 0.000000
 0.324 0.000001107 0.000 0.000000
 0.344 0.000001179 0.000 0.000000
 0.365 0.000001253 0.000 0.000000
 0.385 0.000001336 0.000 0.000000
 0.406 0.000001415 0.000 0.000000
 0.427 0.000001485 0.000 0.000000
 0.445 0.000001570 0.000 0.000000
 0.465 0.000001649 0.000 0.000000
 0.484 0.000001737 0.000 0.000000
 0.504 0.000001813 0.000 0.000000
 0.524 0.000001903 0.000 0.000000
 0.544 0.000001998 0.000 0.000000
 0.564 0.000002076 0.000 0.000000
 0.584 0.000002139 0.000 0.000000
 0.602 0.000002238 0.000 0.000000
 0.622 0.000002301 0.000 0.000000
 0.642 0.000002396 0.000 0.000000
 0.663 0.000002479 0.000 0.000000
 0.683 0.000002558 0.000 0.000000
 0.703 0.000002639 0.000 0.000000
 0.721 0.000002733 0.000 0.000000
 0.740 0.000002805 0.000 0.000000
 0.759 0.000002909 0.000 0.000000
 0.778 0.000003006 0.000 0.000000
 0.798 0.000003098 0.000 0.000000
 0.818 0.000003172 0.000 0.000000
 0.836 0.000003273 0.000 0.000000
 0.855 0.000003348 0.000 0.000000
 0.876 0.000003444 0.000 0.000000
 0.897 0.000003516 0.000 0.000000
 0.915 0.000003613 0.000 0.000000
 0.934 0.000003694 0.000 0.000000
 0.951 0.000003800 0.000 0.000000
 0.970 0.000003890 0.000 0.000000
 0.990 0.000003969 0.000 0.000000
 1.010 0.000004068 0.000 0.000000
 1.027 0.000004171 0.000 0.000000
 1.047 0.000004248 0.000 0.000000
 1.065 0.000004347 0.000 0.000000
 1.085 0.000004434 0.000 0.000000
 1.104 0.000004515 0.000 0.000000
 1.121 0.000004614 0.000 0.000000
 1.141 0.000004711 0.000 0.000000
 1.159 0.000004803 0.000 0.000000
 1.177 0.000004898 0.000 0.000000
 1.196 0.000005004 0.000 0.000000
 1.214 0.000005098 0.000 0.000000
 1.234 0.000005197 0.000 0.000000
 1.251 0.000005296 0.000 0.000000
 1.270 0.000005393 0.000 0.000000
 1.289 0.000005481 0.000 0.000000
 1.306 0.000005582 0.000 0.000000
 1.324 0.000005679 0.000 0.000000
 1.343 0.000005787 0.000 0.000000
 1.362 0.000005888 0.000 0.000000
 1.382 0.000005973 0.000 0.000000
 1.399 0.000006075 0.000 0.000000
 1.416 0.000006176 0.000 0.000000
 1.435 0.000006277 0.000 0.000000
 1.449 0.000006392 0.000 0.000000
 1.471 0.000006493 0.000 0.000000
 1.487 0.000006592 0.000 0.000000
 1.506 0.000006682 0.000 0.000000
 1.522 0.000006792 0.000 0.000000
 1.542 0.000006894 0.000 0.000000
 1.558 0.000007006 0.000 0.000000
 1.574 0.000007121 0.000 0.000000
 1.593 0.000007213 0.000 0.000000
 1.611 0.000007312 0.000 0.000000
 1.630 0.000007411 0.000 0.000000
 1.647 0.000007519 0.000 0.000000
 1.665 0.000007616 0.000 0.000000
 1.684 0.000007710 0.000 0.000000
 1.701 0.000007812 0.000 0.000000
 1.718 0.000007922 0.000 0.000000
 1.734 0.000008030 0.000 0.000000
 1.751 0.000008151 0.000 0.000000
 1.769 0.000008255 0.000 0.000000
 1.788 0.000008354 0.000 0.000000
 1.805 0.000008455 0.000 0.000000
 1.822 0.000008586 0.000 0.000000
 1.841 0.000008682 0.000 0.000000
 1.857 0.000008793 0.000 0.000000
 1.874 0.000008894 0.000 0.000000
 1.893 0.000009013 0.000 0.000000
 1.907 0.000009123 0.000 0.000000
 1.926 0.000009222 0.000 0.000000
 1.942 0.000009333 0.000 0.000000
 1.961 0.000009434 0.000 0.000000
 1.976 0.000009549 0.000 0.000000
 1.993 0.000009661 0.000 0.000000
 2.010 0.000009776 0.000 0.000000
 2.027 0.000009900 0.000 0.000000
 2.042 0.000010017 0.000 0.000000
 2.059 0.000010111 0.000 0.000000
 2.078 0.000010228 0.000 0.000000
 2.095 0.000010329 0.000 0.000000
 2.112 0.000010444 0.000 0.000000
 2.128 0.000010548 0.000 0.000000
 2.144 0.000010669 0.000 0.000000
 2.160 0.000010784 0.000 0.000000
 2.176 0.000010890 0.000 0.000000
 2.193 0.000010998 0.000 0.000000
 2.207 0.000011142 0.000 0.000000
 2.225 0.000011243 0.000 0.000000
 2.239 0.000011364 0.000 0.000000
 2.255 0.000011484 0.000 0.000000
 2.275 0.000011589 0.000 0.000000
 2.288 0.000011727 0.000 0.000000
 2.306 0.000011823 0.000 0.000000
 2.322 0.000011934 0.000 0.000000
 2.335 0.000012089 0.000 0.000000
 2.350 0.000012226 0.000 0.000000
 2.365 0.000012330 0.000 0.000000
 2.382 0.000012465 0.000 0.000000
 2.397 0.000012564 0.000 0.000000
 2.415 0.000012683 0.000 0.000000
 2.430 0.000012798 0.000 0.000000
 2.445 0.000012912 0.000 0.000000
 2.458 0.000013056 0.000 0.000000
 2.476 0.000013169 0.000 0.000000
 2.492 0.000013288 0.000 0.000000
 2.507 0.000013432 0.000 0.000000
 2.524 0.000013522 0.000 0.000000
 2.541 0.000013632 0.000 0.000000
 2.558 0.000013763 0.000 0.000000
 2.571 0.000013891 0.000 0.000000
 2.586 0.000014031 0.000 0.000000
 2.602 0.000014148 0.000 0.000000
 2.619 0.000014265 0.000 0.000000
 2.636 0.000014359 0.000 0.000000
 2.652 0.000014503 0.000 0.000000
 2.670 0.000014602 0.000 0.000000
 2.685 0.000014735 0.000 0.000000
 2.698 0.000014883 0.000 0.000000
 2.713 0.000015005 0.000 0.000000
 2.729 0.000015129 0.000 0.000000
 2.745 0.000015248 0.000 0.000000
 2.756 0.000015410 0.000 0.000000
 2.774 0.000015516 0.000 0.000000
 2.788 0.000015635 0.000 0.000000
 2.805 0.000015761 0.000 0.000000
 2.819 0.000015905 0.000 0.000000
 2.833 0.000016026 0.000 0.000000
 2.851 0.000016150 0.000 0.000000
 2.868 0.000016274 0.000 0.000000
 2.881 0.000016434 0.000 0.000000
 2.896 0.000016542 0.000 0.000000
 2.912 0.000016661 0.000 0.000000
 2.928 0.000016798 0.000 0.000000
 2.942 0.000016924 0.000 0.000000
 2.957 0.000017055 0.000 0.000000
 2.972 0.000017176 0.000 0.000000
 2.988 0.000017304 0.000 0.000000
 3.002 0.000017444 0.000 0.000000
 3.019 0.000017572 0.000 0.000000
 3.032 0.000017700 0.000 0.000000
 3.048 0.000017824 0.000 0.000000
 3.061 0.000017970 0.000 0.000000
 3.076 0.000018114 0.000 0.000000
 3.093 0.000018229 0.000 0.000000
 3.107 0.000018384 0.000 0.000000
 3.122 0.000018519 0.000 0.000000
 3.135 0.000018648 0.000 0.000000
 3.153 0.000018742 0.000 0.000000
 3.165 0.000018913 0.000 0.000000
 3.178 0.000019062 0.000 0.000000
 3.193 0.000019185 0.000 0.000000
 3.205 0.000019336 0.000 0.000000
 3.221 0.000019458 0.000 0.000000
 3.233 0.000019613 0.000 0.000000
 3.248 0.000019743 0.000 0.000000
 3.263 0.000019872 0.000 0.000000
 3.280 0.000019973 0.000 0.000000
 3.293 0.000020119 0.000 0.000000
 3.305 0.000020268 0.000 0.000000
 3.320 0.000020405 0.000 0.000000
 3.334 0.000020558 0.000 0.000000
 3.352 0.000020673 0.000 0.000000
 3.364 0.000020808 0.000 0.000000
 3.380 0.000020949 0.000 0.000000
 3.392 0.000021080 0.000 0.000000
 3.406 0.000021226 0.000 0.000000
 3.421 0.000021368 0.000 0.000000
 3.435 0.000021498 0.000 0.000000
 3.448 0.000021642 0.000 0.000000
 3.461 0.000021820 0.000 0.000000
 3.472 0.000021971 0.000 0.000000
 3.488 0.000022099 0.000 0.000000
 3.499 0.000022263 0.000 0.000000
 3.512 0.000022403 0.000 0.000000
 3.525 0.000022542 0.000 0.000000
 3.539 0.000022691 0.000 0.000000
 3.554 0.000022812 0.000 0.000000
 3.569 0.000022961 0.000 0.000000
 3.582 0.000023109 0.000 0.000000
 3.596 0.000023258 0.000 0.000000
 3.610 0.000023413 0.000 0.000000
 3.623 0.000023553 0.000 0.000000
 3.636 0.000023703 0.000 0.000000
 3.648 0.000023859 0.000 0.000000
 3.661 0.000024012 0.000 0.000000
 3.676 0.000024156 0.000 0.000000
 3.689 0.000024302 0.000 0.000000
 3.703 0.000024448 0.000 0.000000
 3.711 0.000024635 0.000 0.000000
 3.726 0.000024777 0.000 0.000000
 3.738 0.000024923 0.000 0.000000
 3.749 0.000025110 0.000 0.000000
 3.761 0.000025263 0.000 0.000000
 3.776 0.000025398 0.000 0.000000
 3.786 0.000025557 0.000 0.000000
 3.800 0.000025706 0.000 0.000000
 3.813 0.000025870 0.000 0.000000
 3.829 0.000025983 0.000 0.000000
 3.841 0.000026138 0.000 0.000000
 3.854 0.000026300 0.000 0.000000
 3.870 0.000026428 0.000 0.000000
 3.883 0.000026581 0.000 0.000000
 3.895 0.000026723 0.000 0.000000
 3.908 0.000026874 0.000 0.000000
 3.920 0.000027033 0.000 0.000000
 3.931 0.000027209 0.000 0.000000
 3.942 0.000027371 0.000 0.000000
 3.954 0.000027546 0.000 0.000000
 3.967 0.000027686 0.000 0.000000
 3.978 0.000027843 0.000 0.000000
 3.989 0.000028017 0.000 0.000000
 4.001 0.000028174 0.000 0.000000
 4.012 0.000028323 0.000 0.000000
 4.024 0.000028489 0.000 0.000000
 4.039 0.000028649 0.000 0.000000
 4.046 0.000028854 0.000 0.000000
 4.058 0.000028993 0.000 0.000000
 4.073 0.000029124 0.000 0.000000
 4.086 0.000029270 0.000 0.000000
 4.099 0.000029418 0.000 0.000000
 4.109 0.000029596 0.000 0.000000
 4.122 0.000029763 0.000 0.000000
 4.137 0.000029904 0.000 0.000000
   1    4 -0.009 -0.000000043 0.000 0.000000
 -0.023 -0.000000133 0.000 0.000000
 -0.042 -0.000000259 0.000 0.000000
 -0.062 -0.000000349 0.000 0.000000
 -0.081 -0.000000457 0.000 0.000000
 -0.099 -0.000000601 0.000 0.000000
 -0.114 -0.000000691 0.000 0.000000
 -0.132 -0.000000781 0.000 0.000000
 -0.151 -0.000000889 0.000 0.000000
 -0.165 -0.000000997 0.000 0.000000
 -0.189 -0.000001105 0.000 0.000000
 -0.202 -0.000001195 0.000 0.000000
 -0.223 -0.000001303 0.000 0.000000
 -0.239 -0.000001393 0.000 0.000000
 -0.258 -0.000001483 0.000 0.000000
 -0.276 -0.000001609 0.000 0.000000
 -0.293 -0.000001717 0.000 0.000000
 -0.313 -0.000001807 0.000 0.000000
 -0.330 -0.000001933 0.000 0.000000
 -0.346 -0.000002041 0.000 0.000000
 -0.367 -0.000002131 0.000 0.000000
 -0.383 -0.000002221 0.000 0.000000
 -0.398 -0.000002365 0.000 0.000000
 -0.420 -0.000002437 0.000 0.000000
 -0.437 -0.000002563 0.000 0.000000
 -0.453 -0.000002635 0.000 0.000000
 -0.468 -0.000002779 0.000 0.000000
 -0.485 -0.000002905 0.000 0.000000
 -0.503 -0.000003013 0.000 0.000000
 -0.518 -0.000003121 0.000 0.000000
 -0.542 -0.000003211 0.000 0.000000
 -0.557 -0.000003337 0.000 0.000000
 -0.573 -0.000003409 0.000 0.000000
 -0.588 -0.000003535 0.000 0.000000
 -0.605 -0.000003661 0.000 0.000000
 -0.625 -0.000003751 0.000 0.000000
 -0.640 -0.000003877 0.000 0.000000
 -0.662 -0.000003985 0.000 0.000000
 -0.677 -0.000004129 0.000 0.000000
 -0.691 -0.000004219 0.000 0.000000
 -0.708 -0.000004345 0.000 0.000000
 -0.723 -0.000004453 0.000 0.000000
 -0.737 -0.000004579 0.000 0.000000
 -0.754 -0.000004687 0.000 0.000000
 -0.773 -0.000004813 0.000 0.000000
 -0.793 -0.000004903 0.000 0.000000
 -0.804 -0.000005065 0.000 0.000000
 -0.822 -0.000005191 0.000 0.000000
 -0.837 -0.000005299 0.000 0.000000
 -0.852 -0.000005425 0.000 0.000000
 -0.870 -0.000005533 0.000 0.000000
 -0.885 -0.000005641 0.000 0.000000
 -0.902 -0.000005785 0.000 0.000000
 -0.920 -0.000005893 0.000 0.000000
 -0.933 -0.000006037 0.000 0.000000
 -0.948 -0.000006145 0.000 0.000000
 -0.968 -0.000006289 0.000 0.000000
 -0.977 -0.000006451 0.000 0.000000
 -0.994 -0.000006541 0.000 0.000000
 -1.012 -0.000006667 0.000 0.000000
 -1.027 -0.000006793 0.000 0.000000
 -1.042 -0.000006883 0.000 0.000000
 -1.055 -0.000007045 0.000 0.000000
 -1.071 -0.000007189 0.000 0.000000
 -1.086 -0.000007279 0.000 0.000000
 -1.097 -0.000007459 0.000 0.000000
 -1.112 -0.000007585 0.000 0.000000
 -1.132 -0.000007729 0.000 0.000000
 -1.143 -0.000007873 0.000 0.000000
 -1.158 -0.000007981 0.000 0.000000
 -1.173 -0.000008107 0.000 0.000000
 -1.182 -0.000008251 0.000 0.000000
 -1.197 -0.000008377 0.000 0.000000
 -1.210 -0.000008539 0.000 0.000000
 -1.228 -0.000008719 0.000 0.000000
 -1.245 -0.000008809 0.000 0.000000
 -1.254 -0.000008953 0.000 0.000000
 -1.271 -0.000009079 0.000 0.000000
 -1.282 -0.000009259 0.000 0.000000
 -1.295 -0.000009421 0.000 0.000000
 -1.308 -0.000009547 0.000 0.000000
 -1.322 -0.000009691 0.000 0.000000
 -1.332 -0.000009853 0.000 0.000000
 -1.352 -0.000009997 0.000 0.000000
 -1.361 -0.000010105 0.000 0.000000
 -1.378 -0.000010267 0.000 0.000000
 -1.387 -0.000010429 0.000 0.000000
 -1.402 -0.000010573 0.000 0.000000
 -1.415 -0.000010699 0.000 0.000000
 -1.426 -0.000010915 0.000 0.000000
 -1.439 -0.000011041 0.000 0.000000
 -1.450 -0.000011221 0.000 0.000000
 -1.459 -0.000011365 0.000 0.000000
 -1.472 -0.000011545 0.000 0.000000
 -1.488 -0.000011653 0.000 0.000000
 -1.499 -0.000011833 0.000 0.000000
 -1.518 -0.000011941 0.000 0.000000
 -1.531 -0.000012085 0.000 0.000000
 -1.538 -0.000012301 0.000 0.000000
 -1.558 -0.000012373 0.000 0.000000
 -1.568 -0.000012553 0.000 0.000000
 -1.573 -0.000012733 0.000 0.000000
 -1.588 -0.000012895 0.000 0.000000
 -1.599 -0.000013057 0.000 0.000000
 -1.608 -0.000013291 0.000 0.000000
 -1.627 -0.000013417 0.000 0.000000
 -1.636 -0.000013597 0.000 0.000000
 -1.651 -0.000013723 0.000 0.000000
 -1.662 -0.000013867 0.000 0.000000
 -1.667 -0.000014083 0.000 0.000000
 -1.682 -0.000014209 0.000 0.000000
 -1.693 -0.000014425 0.000 0.000000
 -1.704 -0.000014623 0.000 0.000000
 -1.712 -0.000014767 0.000 0.000000
 -1.728 -0.000014893 0.000 0.000000
 -1.736 -0.000015091 0.000 0.000000
 -1.747 -0.000015271 0.000 0.000000
 -1.752 -0.000015505 0.000 0.000000
 -1.765 -0.000015631 0.000 0.000000
 -1.778 -0.000015793 0.000 0.000000
 -1.782 -0.000016009 0.000 0.000000
 -1.796 -0.000016171 0.000 0.000000
 -1.804 -0.000016333 0.000 0.000000
 -1.813 -0.000016549 0.000 0.000000
 -1.826 -0.000016711 0.000 0.000000
 -1.839 -0.000016873 0.000 0.000000
 -1.848 -0.000017071 0.000 0.000000
 -1.857 -0.000017233 0.000 0.000000
 -1.868 -0.000017413 0.000 0.000000
 -1.874 -0.000017611 0.000 0.000000
 -1.883 -0.000017809 0.000 0.000000
 -1.894 -0.000017971 0.000 0.000000
 -1.907 -0.000018115 0.000 0.000000
 -1.913 -0.000018331 0.000 0.000000
 -1.926 -0.000018511 0.000 0.000000
 -1.939 -0.000018655 0.000 0.000000
 -1.955 -0.000018781 0.000 0.000000
 -1.957 -0.000019051 0.000 0.000000
 -1.968 -0.000019249 0.000 0.000000
 -1.979 -0.000019411 0.000 0.000000
 -1.988 -0.000019573 0.000 0.000000
 -1.994 -0.000019771 0.000 0.000000
 -2.003 -0.000019969 0.000 0.000000
 -2.009 -0.000020203 0.000 0.000000
 -2.023 -0.000020329 0.000 0.000000
 -2.029 -0.000020581 0.000 0.000000
 -2.035 -0.000020761 0.000 0.000000
 -2.040 -0.000020977 0.000 0.000000
 -2.057 -0.000021103 0.000 0.000000
 -2.055 -0.000021409 0.000 0.000000
 -2.060 -0.000021643 0.000 0.000000
 -2.075 -0.000021805 0.000 0.000000
 -2.073 -0.000022039 0.000 0.000000
 -2.088 -0.000022183 0.000 0.000000
 -2.088 -0.000022453 0.000 0.000000
 -2.105 -0.000022597 0.000 0.000000
 -2.116 -0.000022759 0.000 0.000000
 -2.116 -0.000023011 0.000 0.000000
 -2.125 -0.000023209 0.000 0.000000
 -2.138 -0.000023371 0.000 0.000000
 -2.143 -0.000023605 0.000 0.000000
 -2.156 -0.000023767 0.000 0.000000
 -2.149 -0.000024091 0.000 0.000000
 -2.164 -0.000024235 0.000 0.000000
 -2.165 -0.000024451 0.000 0.000000
 -2.171 -0.000024685 0.000 0.000000
 -2.173 -0.000024955 0.000 0.000000
 -2.191 -0.000025099 0.000 0.000000
 -2.201 -0.000025279 0.000 0.000000
 -2.208 -0.000025495 0.000 0.000000
 -2.213 -0.000025693 0.000 0.000000
 -2.215 -0.000025963 0.000 0.000000
 -2.228 -0.000026143 0.000 0.000000
 -2.234 -0.000026377 0.000 0.000000
 -2.239 -0.000026575 0.000 0.000000
 -2.243 -0.000026809 0.000 0.000000
 -2.252 -0.000027025 0.000 0.000000
 -2.250 -0.000027313 0.000 0.000000
 -2.263 -0.000027439 0.000 0.000000
 -2.269 -0.000027673 0.000 0.000000
 -2.278 -0.000027853 0.000 0.000000
 -2.287 -0.000027997 0.000 0.000000
 -2.298 -0.000028213 0.000 0.000000
 -2.304 -0.000028429 0.000 0.000000
 -2.328 -0.000028465 0.000 0.000000
 -2.319 -0.000028861 0.000 0.000000
 -2.311 -0.000029185 0.000 0.000000
 -2.328 -0.000029293 0.000 0.000000
 -2.337 -0.000029491 0.000 0.000000
 -2.337 -0.000029743 0.000 0.000000
 -2.346 -0.000029923 0.000 0.000000
 -2.357 -0.000030067 0.000 0.000000
 -2.363 -0.000030319 0.000 0.000000
 -2.363 -0.000030607 0.000 0.000000
 -2.370 -0.000030805 0.000 0.000000
 -2.381 -0.000030985 0.000 0.000000
 -2.385 -0.000031201 0.000 0.000000
 -2.392 -0.000031417 0.000 0.000000
 -2.396 -0.000031615 0.000 0.000000
 -2.405 -0.000031813 0.000 0.000000
 -2.409 -0.000032083 0.000 0.000000
 -2.422 -0.000032245 0.000 0.000000
 -2.431 -0.000032425 0.000 0.000000
 -2.435 -0.000032659 0.000 0.000000
 -2.439 -0.000032929 0.000 0.000000
 -2.446 -0.000033109 0.000 0.000000
 -2.448 -0.000033325 0.000 0.000000
 -2.455 -0.000033541 0.000 0.000000
 -2.470 -0.000033685 0.000 0.000000
 -2.468 -0.000033973 0.000 0.000000
 -2.475 -0.000034207 0.000 0.000000
 -2.477 -0.000034441 0.000 0.000000
 -2.487 -0.000034639 0.000 0.000000
 -2.487 -0.000034873 0.000 0.000000
 -2.487 -0.000035215 0.000 0.000000
 -2.498 -0.000035377 0.000 0.000000
 -2.488 -0.000035737 0.000 0.000000
 -2.498 -0.000035917 0.000 0.000000
 -2.501 -0.000036133 0.000 0.000000
 -2.512 -0.000036295 0.000 0.000000
 -2.511 -0.000036601 0.000 0.000000
 -2.518 -0.000036817 0.000 0.000000
 -2.516 -0.000037069 0.000 0.000000
 -2.518 -0.000037357 0.000 0.000000
 -2.527 -0.000037555 0.000 0.000000
 -2.531 -0.000037807 0.000 0.000000
 -2.540 -0.000038005 0.000 0.000000
 -2.558 -0.000038113 0.000 0.000000
 -2.560 -0.000038347 0.000 0.000000
 -2.560 -0.000038635 0.000 0.000000
 -2.568 -0.000038815 0.000 0.000000
 -2.579 -0.000038995 0.000 0.000000
 -2.573 -0.000039301 0.000 0.000000
 -2.584 -0.000039481 0.000 0.000000
 -2.592 -0.000039697 0.000 0.000000
 -2.597 -0.000039949 0.000 0.000000
 -2.599 -0.000040183 0.000 0.000000
 -2.612 -0.000040399 0.000 0.000000
 -2.616 -0.000040561 0.000 0.000000
 -2.612 -0.000040921 0.000 0.000000
 -2.618 -0.000041101 0.000 0.000000
 -2.619 -0.000041353 0.000 0.000000
 -2.619 -0.000041605 0.000 0.000000
 -2.627 -0.000041857 0.000 0.000000
 -2.634 -0.000042091 0.000 0.000000
 -2.636 -0.000042307 0.000 0.000000
 -2.642 -0.000042523 0.000 0.000000
 -2.643 -0.000042775 0.000 0.000000
 -2.654 -0.000042937 0.000 0.000000
 -2.654 -0.000043207 0.000 0.000000
 -2.671 -0.000043387 0.000 0.000000
 -2.671 -0.000043657 0.000 0.000000
 -2.671 -0.000043945 0.000 0.000000
 -2.680 -0.000044089 0.000 0.000000
 -2.682 -0.000044377 0.000 0.000000
 -2.686 -0.000044611 0.000 0.000000
32000
