
256
   1    1 -0.011 -0.000001711 0.000 0.000000
 0.047 0.000000733 0.000 0.000000
 0.104 -0.000001711 0.000 0.000000
 0.157 -0.000001711 0.000 0.000000
 0.216 -0.000000489 0.000 0.000000
 0.270 -0.000001711 0.000 0.000000
 0.329 -0.000002933 0.000 0.000000
 0.386 -0.000001711 0.000 0.000000
 0.442 -0.000001711 0.000 0.000000
 0.495 -0.000001711 0.000 0.000000
 0.554 -0.000002933 0.000 0.000000
 0.609 -0.000001711 0.000 0.000000
 0.668 -0.000001711 0.000 0.000000
 0.722 -0.000002933 0.000 0.000000
 0.779 -0.000002933 0.000 0.000000
 0.836 -0.000001711 0.000 0.000000
 0.894 -0.000000489 0.000 0.000000
 0.949 -0.000000489 0.000 0.000000
 1.004 -0.000001711 0.000 0.000000
 1.060 -0.000002933 0.000 0.000000
 1.119 -0.000001711 0.000 0.000000
 1.174 -0.000000489 0.000 0.000000
 1.231 -0.000000489 0.000 0.000000
 1.287 -0.000001711 0.000 0.000000
 1.342 -0.000001711 0.000 0.000000
 1.399 -0.000000489 0.000 0.000000
 1.460 -0.000002933 0.000 0.000000
 1.513 -0.000001711 0.000 0.000000
 1.567 -0.000000489 0.000 0.000000
 1.628 -0.000001711 0.000 0.000000
 1.681 -0.000001711 0.000 0.000000
 1.742 -0.000001711 0.000 0.000000
 1.796 -0.000001711 0.000 0.000000
 1.857 -0.000000489 0.000 0.000000
 1.910 -0.000001711 0.000 0.000000
 1.969 -0.000001711 0.000 0.000000
 2.026 -0.000000489 0.000 0.000000
 2.084 -0.000002933 0.000 0.000000
 2.139 -0.000001711 0.000 0.000000
 2.200 -0.000001711 0.000 0.000000
 2.251 -0.000001711 0.000 0.000000
 2.311 -0.000000489 0.000 0.000000
 2.366 -0.000000489 0.000 0.000000
 2.421 -0.000001711 0.000 0.000000
 2.477 -0.000001711 0.000 0.000000
 2.536 -0.000000489 0.000 0.000000
 2.593 -0.000001711 0.000 0.000000
 2.646 -0.000001711 0.000 0.000000
 2.705 -0.000001711 0.000 0.000000
 2.763 -0.000001711 0.000 0.000000
 2.818 -0.000001711 0.000 0.000000
 2.873 -0.000002933 0.000 0.000000
 2.930 -0.000001711 0.000 0.000000
 2.986 -0.000001711 0.000 0.000000
 3.043 -0.000002933 0.000 0.000000
 3.098 -0.000002933 0.000 0.000000
 3.156 -0.000000489 0.000 0.000000
 3.213 -0.000001711 0.000 0.000000
 3.268 -0.000001711 0.000 0.000000
 3.322 -0.000000489 0.000 0.000000
 3.381 -0.000001711 0.000 0.000000
 3.436 -0.000001711 0.000 0.000000
 3.493 -0.000001711 0.000 0.000000
 3.549 -0.000001711 0.000 0.000000
 3.606 -0.000000489 0.000 0.000000
 3.661 -0.000000489 0.000 0.000000
 3.718 -0.000001711 0.000 0.000000
 3.770 -0.000000489 0.000 0.000000
 3.829 -0.000002933 0.000 0.000000
 3.882 -0.000000489 0.000 0.000000
 3.942 -0.000000489 0.000 0.000000
 3.997 -0.000000489 0.000 0.000000
 4.054 -0.000000489 0.000 0.000000
 4.115 -0.000001711 0.000 0.000000
 4.167 -0.000001711 0.000 0.000000
 4.227 -0.000002933 0.000 0.000000
 4.279 -0.000002933 0.000 0.000000
 4.338 -0.000001711 0.000 0.000000
 4.394 -0.000000489 0.000 0.000000
 4.454 -0.000002933 0.000 0.000000
 4.508 -0.000001711 0.000 0.000000
 4.565 -0.000001711 0.000 0.000000
 4.620 -0.000001711 0.000 0.000000
 4.680 -0.000000489 0.000 0.000000
 4.735 -0.000002933 0.000 0.000000
 4.790 -0.000001711 0.000 0.000000
 4.847 -0.000002933 0.000 0.000000
 4.905 -0.000001711 0.000 0.000000
 4.962 -0.000001711 0.000 0.000000
 5.017 -0.000000489 0.000 0.000000
 5.074 -0.000000489 0.000 0.000000
 5.130 -0.000001711 0.000 0.000000
 5.187 -0.000001711 0.000 0.000000
 5.240 -0.000001711 0.000 0.000000
 5.299 -0.000001711 0.000 0.000000
 5.353 -0.000000489 0.000 0.000000
 5.414 -0.000000489 0.000 0.000000
 5.467 -0.000000489 0.000 0.000000
 5.525 -0.000001711 0.000 0.000000
 5.582 -0.000000489 0.000 0.000000
 5.641 -0.000000489 0.000 0.000000
 5.694 -0.000000489 0.000 0.000000
 5.753 -0.000001711 0.000 0.000000
 5.809 -0.000001711 0.000 0.000000
 5.864 -0.000001711 0.000 0.000000
 5.918 -0.000002933 0.000 0.000000
 5.978 -0.000000489 0.000 0.000000
 6.036 -0.000001711 0.000 0.000000
 6.095 -0.000001711 0.000 0.000000
 6.146 -0.000001711 0.000 0.000000
 6.205 -0.000001711 0.000 0.000000
 6.261 -0.000001711 0.000 0.000000
 6.318 -0.000001711 0.000 0.000000
 6.371 -0.000002933 0.000 0.000000
 6.429 -0.000001711 0.000 0.000000
 6.488 -0.000001711 0.000 0.000000
 6.543 -0.000001711 0.000 0.000000
 6.600 -0.000000489 0.000 0.000000
 6.656 -0.000002933 0.000 0.000000
 6.715 -0.000001711 0.000 0.000000
 6.766 -0.000000489 0.000 0.000000
 6.825 -0.000001711 0.000 0.000000
 6.882 -0.000001711 0.000 0.000000
 6.938 -0.000001711 0.000 0.000000
 6.991 -0.000001711 0.000 0.000000
 7.050 -0.000000489 0.000 0.000000
 7.106 -0.000000489 0.000 0.000000
 7.163 -0.000001711 0.000 0.000000
 7.220 -0.000001711 0.000 0.000000
 7.279 -0.000001711 0.000 0.000000
 7.338 -0.000002933 0.000 0.000000
 7.392 -0.000001711 0.000 0.000000
 7.451 -0.000000489 0.000 0.000000
 7.506 -0.000000489 0.000 0.000000
 7.563 -0.000002933 0.000 0.000000
 7.622 -0.000001711 0.000 0.000000
 7.676 -0.000001711 0.000 0.000000
 7.735 -0.000001711 0.000 0.000000
 7.788 -0.000001711 0.000 0.000000
 7.846 -0.000001711 0.000 0.000000
 7.901 -0.000000489 0.000 0.000000
 7.956 -0.000002933 0.000 0.000000
 8.015 -0.000001711 0.000 0.000000
 8.071 -0.000000489 0.000 0.000000
 8.126 -0.000001711 0.000 0.000000
 8.183 -0.000000489 0.000 0.000000
 8.240 -0.000001711 0.000 0.000000
 8.296 -0.000001711 0.000 0.000000
 8.353 -0.000000489 0.000 0.000000
 8.408 -0.000000489 0.000 0.000000
 8.467 -0.000002933 0.000 0.000000
 8.523 -0.000000489 0.000 0.000000
 8.580 -0.000002933 0.000 0.000000
 8.635 -0.000000489 0.000 0.000000
 8.692 -0.000001711 0.000 0.000000
 8.748 -0.000000489 0.000 0.000000
 8.807 -0.000000489 0.000 0.000000
 8.864 -0.000001711 0.000 0.000000
 8.921 -0.000000489 0.000 0.000000
 8.975 -0.000000489 0.000 0.000000
 9.034 -0.000000489 0.000 0.000000
 9.087 -0.000000489 0.000 0.000000
 9.143 -0.000000489 0.000 0.000000
 9.200 -0.000001711 0.000 0.000000
 9.257 -0.000001711 0.000 0.000000
 9.312 -0.000000489 0.000 0.000000
 9.371 -0.000001711 0.000 0.000000
 9.429 -0.000001711 0.000 0.000000
 9.484 -0.000000489 0.000 0.000000
 9.543 -0.000001711 0.000 0.000000
 9.595 -0.000000489 0.000 0.000000
 9.656 -0.000000489 0.000 0.000000
 9.711 -0.000001711 0.000 0.000000
 9.768 -0.000001711 0.000 0.000000
 9.823 -0.000001711 0.000 0.000000
 9.882 -0.000000489 0.000 0.000000
 9.938 -0.000002933 0.000 0.000000
 9.993 -0.000000489 0.000 0.000000
 10.050 -0.000001711 0.000 0.000000
 10.111 -0.000001711 0.000 0.000000
 10.163 -0.000002933 0.000 0.000000
 10.224 -0.000000489 0.000 0.000000
 10.283 -0.000002933 0.000 0.000000
 10.336 -0.000002933 0.000 0.000000
 10.394 -0.000001711 0.000 0.000000
 10.449 -0.000001711 0.000 0.000000
 10.504 -0.000000489 0.000 0.000000
 10.556 -0.000000489 0.000 0.000000
 10.617 -0.000002933 0.000 0.000000
 10.672 -0.000000489 0.000 0.000000
 10.727 -0.000001711 0.000 0.000000
 10.785 -0.000002933 0.000 0.000000
 10.844 -0.000000489 0.000 0.000000
 10.899 -0.000002933 0.000 0.000000
 10.958 -0.000000489 0.000 0.000000
 11.013 -0.000001711 0.000 0.000000
 11.073 -0.000001711 0.000 0.000000
 11.126 -0.000000489 0.000 0.000000
 11.189 -0.000001711 0.000 0.000000
 11.242 -0.000001711 0.000 0.000000
 11.298 -0.000001711 0.000 0.000000
 11.355 -0.000002933 0.000 0.000000
 11.412 -0.000001711 0.000 0.000000
 11.465 -0.000000489 0.000 0.000000
 11.526 -0.000002933 0.000 0.000000
 11.580 -0.000001711 0.000 0.000000
 11.639 -0.000001711 0.000 0.000000
 11.694 -0.000001711 0.000 0.000000
 11.748 -0.000001711 0.000 0.000000
 11.805 -0.000001711 0.000 0.000000
 11.860 -0.000001711 0.000 0.000000
 11.919 -0.000002933 0.000 0.000000
 11.973 -0.000000489 0.000 0.000000
 12.034 -0.000001711 0.000 0.000000
 12.089 -0.000002933 0.000 0.000000
 12.146 -0.000001711 0.000 0.000000
 12.202 -0.000001711 0.000 0.000000
 12.263 -0.000004155 0.000 0.000000
 12.316 -0.000001711 0.000 0.000000
 12.375 -0.000001711 0.000 0.000000
 12.427 -0.000001711 0.000 0.000000
 12.488 -0.000001711 0.000 0.000000
 12.543 -0.000001711 0.000 0.000000
 12.600 -0.000000489 0.000 0.000000
 12.657 -0.000001711 0.000 0.000000
 12.715 -0.000001711 0.000 0.000000
 12.768 -0.000001711 0.000 0.000000
 12.829 -0.000001711 0.000 0.000000
 12.881 -0.000001711 0.000 0.000000
 12.940 -0.000001711 0.000 0.000000
 12.995 -0.000001711 0.000 0.000000
 13.052 -0.000001711 0.000 0.000000
 13.106 -0.000000489 0.000 0.000000
 13.167 -0.000001711 0.000 0.000000
 13.220 -0.000002933 0.000 0.000000
 13.275 -0.000001711 0.000 0.000000
 13.333 -0.000000489 0.000 0.000000
 13.388 -0.000001711 0.000 0.000000
 13.449 -0.000000489 0.000 0.000000
 13.504 -0.000001711 0.000 0.000000
 13.563 -0.000001711 0.000 0.000000
 13.619 -0.000000489 0.000 0.000000
 13.676 -0.000001711 0.000 0.000000
 13.731 -0.000000489 0.000 0.000000
 13.788 -0.000001711 0.000 0.000000
 13.844 -0.000001711 0.000 0.000000
 13.903 -0.000001711 0.000 0.000000
 13.956 -0.000000489 0.000 0.000000
 14.013 -0.000001711 0.000 0.000000
 14.069 -0.000001711 0.000 0.000000
 14.128 0.000000733 0.000 0.000000
 14.185 -0.000001711 0.000 0.000000
 14.240 -0.000001711 0.000 0.000000
 14.298 -0.000001711 0.000 0.000000
 14.357 -0.000001711 0.000 0.000000
 14.410 -0.000001711 0.000 0.000000
   1    2 -0.007 -0.000004155 -0.090 1.922597
 0.045 -0.000000489 -0.090 1.922597
 0.085 0.000009287 -0.090 1.922597
 0.117 0.000023951 -0.090 1.922597
 0.148 0.000041059 -0.090 1.922597
 0.187 0.000055723 -0.090 1.922597
 0.235 0.000061833 -0.090 1.922597
 0.287 0.000063055 -0.090 1.922597
 0.346 0.000064277 -0.090 1.922597
 0.399 0.000063055 -0.090 1.922597
 0.454 0.000063055 -0.090 1.922597
 0.510 0.000064277 -0.090 1.922597
 0.567 0.000063055 -0.090 1.922597
 0.622 0.000064277 -0.090 1.922597
 0.681 0.000064277 -0.090 1.922597
 0.735 0.000064277 -0.090 1.922597
 0.794 0.000064277 -0.090 1.922597
 0.847 0.000064277 -0.090 1.922597
 0.908 0.000063055 -0.090 1.922597
 0.960 0.000064277 -0.090 1.922597
 1.021 0.000065499 -0.090 1.922597
 1.076 0.000064277 -0.090 1.922597
 1.137 0.000063055 -0.090 1.922597
 1.189 0.000063055 -0.090 1.922597
 1.244 0.000064277 -0.090 1.922597
 1.303 0.000064277 -0.090 1.922597
 1.360 0.000065499 -0.090 1.922597
 1.412 0.000063055 -0.090 1.922597
 1.471 0.000064277 -0.090 1.922597
 1.525 0.000065499 -0.090 1.922597
 1.582 0.000064277 -0.090 1.922597
 1.643 0.000063055 -0.090 1.922597
 1.698 0.000065499 -0.090 1.922597
 1.753 0.000063055 -0.090 1.922597
 1.811 0.000063055 -0.090 1.922597
 1.870 0.000063055 -0.090 1.922597
 1.927 0.000061833 -0.090 1.922597
 1.984 0.000064277 -0.090 1.922597
 2.039 0.000064277 -0.090 1.922597
 2.100 0.000064277 -0.090 1.922597
 2.150 0.000064277 -0.090 1.922597
 2.207 0.000064277 -0.090 1.922597
 2.266 0.000064277 -0.090 1.922597
 2.322 0.000064277 -0.090 1.922597
 2.379 0.000064277 -0.090 1.922597
 2.436 0.000064277 -0.090 1.922597
 2.493 0.000063055 -0.090 1.922597
 2.550 0.000064277 -0.090 1.922597
 2.608 0.000064277 -0.090 1.922597
 2.665 0.000064277 -0.090 1.922597
 2.720 0.000064277 -0.090 1.922597
 2.775 0.000064277 -0.090 1.922597
 2.833 0.000064277 -0.090 1.922597
 2.886 0.000063055 -0.090 1.922597
 2.943 0.000064277 -0.090 1.922597
 3.001 0.000065499 -0.090 1.922597
 3.056 0.000063055 -0.090 1.922597
 3.113 0.000064277 -0.090 1.922597
 3.170 0.000064277 -0.090 1.922597
 3.224 0.000064277 -0.090 1.922597
 3.281 0.000065499 -0.090 1.922597
 3.334 0.000064277 -0.090 1.922597
 3.394 0.000064277 -0.090 1.922597
 3.451 0.000065499 -0.090 1.922597
 3.504 0.000064277 -0.090 1.922597
 3.558 0.000064277 -0.090 1.922597
 3.620 0.000065499 -0.090 1.922597
 3.672 0.000064277 -0.090 1.922597
 3.727 0.000066721 -0.090 1.922597
 3.785 0.000066721 -0.090 1.922597
 3.844 0.000064277 -0.090 1.922597
 3.897 0.000065499 -0.090 1.922597
 3.958 0.000064277 -0.090 1.922597
 4.012 0.000064277 -0.090 1.922597
 4.067 0.000065499 -0.090 1.922597
 4.126 0.000063055 -0.090 1.922597
 4.181 0.000064277 -0.090 1.922597
 4.240 0.000065499 -0.090 1.922597
 4.296 0.000066721 -0.090 1.922597
 4.355 0.000064277 -0.090 1.922597
 4.410 0.000064277 -0.090 1.922597
 4.467 0.000064277 -0.090 1.922597
 4.521 0.000065499 -0.090 1.922597
 4.582 0.000064277 -0.090 1.922597
 4.637 0.000065499 -0.090 1.922597
 4.694 0.000064277 -0.090 1.922597
 4.748 0.000064277 -0.090 1.922597
 4.805 0.000064277 -0.090 1.922597
 4.862 0.000065499 -0.090 1.922597
 4.921 0.000064277 -0.090 1.922597
 4.975 0.000065499 -0.090 1.922597
 5.032 0.000065499 -0.090 1.922597
 5.087 0.000065499 -0.090 1.922597
 5.146 0.000065499 -0.090 1.922597
 5.200 0.000065499 -0.090 1.922597
 5.255 0.000065499 -0.090 1.922597
 5.314 0.000065499 -0.090 1.922597
 5.370 0.000065499 -0.090 1.922597
 5.425 0.000064277 -0.090 1.922597
 5.482 0.000066721 -0.090 1.922597
 5.539 0.000065499 -0.090 1.922597
 5.595 0.000065499 -0.090 1.922597
 5.652 0.000065499 -0.090 1.922597
 5.707 0.000066721 -0.090 1.922597
 5.766 0.000065499 -0.090 1.922597
 5.820 0.000066721 -0.090 1.922597
 5.877 0.000066721 -0.090 1.922597
 5.936 0.000065499 -0.090 1.922597
 5.995 0.000064277 -0.090 1.922597
 6.047 0.000066721 -0.090 1.922597
 6.108 0.000065499 -0.090 1.922597
 6.161 0.000065499 -0.090 1.922597
 6.220 0.000065499 -0.090 1.922597
 6.274 0.000064277 -0.090 1.922597
 6.331 0.000067943 -0.090 1.922597
 6.386 0.000065499 -0.090 1.922597
 6.445 0.000066721 -0.090 1.922597
 6.497 0.000065499 -0.090 1.922597
 6.554 0.000065499 -0.090 1.922597
 6.611 0.000065499 -0.090 1.922597
 6.668 0.000065499 -0.090 1.922597
 6.726 0.000066721 -0.090 1.922597
 6.779 0.000065499 -0.090 1.922597
 6.838 0.000065499 -0.090 1.922597
 6.894 0.000065499 -0.090 1.922597
 6.951 0.000066721 -0.090 1.922597
 7.006 0.000066721 -0.090 1.922597
 7.063 0.000065499 -0.090 1.922597
 7.119 0.000065499 -0.090 1.922597
 7.178 0.000064277 -0.090 1.922597
 7.233 0.000065499 -0.090 1.922597
 7.294 0.000065499 -0.090 1.922597
 7.349 0.000065499 -0.090 1.922597
 7.408 0.000065499 -0.090 1.922597
 7.460 0.000065499 -0.090 1.922597
 7.523 0.000065499 -0.090 1.922597
 7.574 0.000066721 -0.090 1.922597
 7.633 0.000065499 -0.090 1.922597
 7.689 0.000065499 -0.090 1.922597
 7.748 0.000066721 -0.090 1.922597
 7.803 0.000065499 -0.090 1.922597
 7.858 0.000064277 -0.090 1.922597
 7.912 0.000066721 -0.090 1.922597
 7.969 0.000066721 -0.090 1.922597
 8.026 0.000066721 -0.090 1.922597
 8.082 0.000065499 -0.090 1.922597
 8.135 0.000067943 -0.090 1.922597
 8.194 0.000065499 -0.090 1.922597
 8.250 0.000066721 -0.090 1.922597
 8.309 0.000065499 -0.090 1.922597
 8.366 0.000066721 -0.090 1.922597
 8.419 0.000065499 -0.090 1.922597
 8.480 0.000065499 -0.090 1.922597
 8.537 0.000067943 -0.090 1.922597
 8.591 0.000066721 -0.090 1.922597
 8.650 0.000065499 -0.090 1.922597
 8.705 0.000064277 -0.090 1.922597
 8.764 0.000065499 -0.090 1.922597
 8.822 0.000065499 -0.090 1.922597
 8.873 0.000066721 -0.090 1.922597
 8.934 0.000066721 -0.090 1.922597
 8.988 0.000065499 -0.090 1.922597
 9.047 0.000065499 -0.090 1.922597
 9.098 0.000066721 -0.090 1.922597
 9.157 0.000065499 -0.090 1.922597
 9.213 0.000064277 -0.090 1.922597
 9.268 0.000066721 -0.090 1.922597
 9.327 0.000066721 -0.090 1.922597
 9.384 0.000066721 -0.090 1.922597
 9.436 0.000066721 -0.090 1.922597
 9.495 0.000065499 -0.090 1.922597
 9.552 0.000065499 -0.090 1.922597
 9.608 0.000067943 -0.090 1.922597
 9.665 0.000065499 -0.090 1.922597
 9.718 0.000066721 -0.090 1.922597
 9.781 0.000065499 -0.090 1.922597
 9.836 0.000066721 -0.090 1.922597
 9.894 0.000066721 -0.090 1.922597
 9.949 0.000065499 -0.090 1.922597
 10.008 0.000065499 -0.090 1.922597
 10.063 0.000067943 -0.090 1.922597
 10.124 0.000066721 -0.090 1.922597
 10.176 0.000065499 -0.090 1.922597
 10.233 0.000065499 -0.090 1.922597
 10.290 0.000066721 -0.090 1.922597
 10.347 0.000066721 -0.090 1.922597
 10.405 0.000065499 -0.090 1.922597
 10.460 0.000066721 -0.090 1.922597
 10.515 0.000066721 -0.090 1.922597
 10.574 0.000066721 -0.090 1.922597
 10.630 0.000066721 -0.090 1.922597
 10.687 0.000065499 -0.090 1.922597
 10.740 0.000066721 -0.090 1.922597
 10.796 0.000066721 -0.090 1.922597
 10.857 0.000066721 -0.090 1.922597
 10.910 0.000066721 -0.090 1.922597
 10.967 0.000066721 -0.090 1.922597
 11.025 0.000066721 -0.090 1.922597
 11.084 0.000067943 -0.090 1.922597
 11.139 0.000069165 -0.090 1.922597
 11.202 0.000066721 -0.090 1.922597
 11.253 0.000066721 -0.090 1.922597
 11.309 0.000067943 -0.090 1.922597
 11.364 0.000066721 -0.090 1.922597
 11.423 0.000066721 -0.090 1.922597
 11.477 0.000066721 -0.090 1.922597
 11.537 0.000066721 -0.090 1.922597
 11.589 0.000067943 -0.090 1.922597
 11.650 0.000066721 -0.090 1.922597
 11.702 0.000066721 -0.090 1.922597
 11.759 0.000066721 -0.090 1.922597
 11.816 0.000066721 -0.090 1.922597
 11.875 0.000066721 -0.090 1.922597
 11.932 0.000067943 -0.090 1.922597
 11.989 0.000067943 -0.090 1.922597
 12.043 0.000065499 -0.090 1.922597
 12.102 0.000066721 -0.090 1.922597
 12.157 0.000066721 -0.090 1.922597
 12.215 0.000067943 -0.090 1.922597
 12.274 0.000067943 -0.090 1.922597
 12.327 0.000067943 -0.090 1.922597
 12.382 0.000067943 -0.090 1.922597
 12.440 0.000067943 -0.090 1.922597
 12.499 0.000065499 -0.090 1.922597
 12.556 0.000066721 -0.090 1.922597
 12.611 0.000065499 -0.090 1.922597
 12.665 0.000067943 -0.090 1.922597
 12.724 0.000067943 -0.090 1.922597
 12.779 0.000067943 -0.090 1.922597
 12.838 0.000065499 -0.090 1.922597
 12.892 0.000066721 -0.090 1.922597
 12.953 0.000066721 -0.090 1.922597
 13.006 0.000066721 -0.090 1.922597
 13.058 0.000066721 -0.090 1.922597
 13.119 0.000067943 -0.090 1.922597
 13.174 0.000066721 -0.090 1.922597
 13.229 0.000067943 -0.090 1.922597
 13.290 0.000066721 -0.090 1.922597
 13.346 0.000067943 -0.090 1.922597
 13.403 0.000066721 -0.090 1.922597
 13.458 0.000066721 -0.090 1.922597
 13.519 0.000067943 -0.090 1.922597
 13.572 0.000067943 -0.090 1.922597
 13.628 0.000067943 -0.090 1.922597
 13.685 0.000066721 -0.090 1.922597
 13.746 0.000067943 -0.090 1.922597
 13.799 0.000065499 -0.090 1.922597
 13.855 0.000067943 -0.090 1.922597
 13.914 0.000066721 -0.090 1.922597
 13.971 0.000066721 -0.090 1.922597
 14.026 0.000067943 -0.090 1.922597
 14.084 0.000066721 -0.090 1.922597
 14.139 0.000067943 -0.090 1.922597
 14.192 0.000066721 -0.090 1.922597
 14.253 0.000067943 -0.090 1.922597
 14.307 0.000066721 -0.090 1.922597
   1    3 -0.003 -0.000005377 -0.185 3.946383
 0.041 -0.000000489 -0.185 3.946383
 0.074 0.000017841 -0.185 3.946383
 0.096 0.000038615 -0.185 3.946383
 0.115 0.000065499 -0.185 3.946383
 0.130 0.000092383 -0.185 3.946383
 0.146 0.000118045 -0.185 3.946383
 0.163 0.000144929 -0.185 3.946383
 0.183 0.000168147 -0.185 3.946383
 0.211 0.000187699 -0.185 3.946383
 0.250 0.000199919 -0.185 3.946383
 0.301 0.000203585 -0.185 3.946383
 0.357 0.000203585 -0.185 3.946383
 0.414 0.000203585 -0.185 3.946383
 0.473 0.000206029 -0.185 3.946383
 0.523 0.000206029 -0.185 3.946383
 0.582 0.000206029 -0.185 3.946383
 0.639 0.000204807 -0.185 3.946383
 0.692 0.000204807 -0.185 3.946383
 0.750 0.000204807 -0.185 3.946383
 0.807 0.000203585 -0.185 3.946383
 0.860 0.000206029 -0.185 3.946383
 0.925 0.000203585 -0.185 3.946383
 0.977 0.000206029 -0.185 3.946383
 1.036 0.000206029 -0.185 3.946383
 1.091 0.000204807 -0.185 3.946383
 1.144 0.000206029 -0.185 3.946383
 1.202 0.000204807 -0.185 3.946383
 1.259 0.000207251 -0.185 3.946383
 1.314 0.000207251 -0.185 3.946383
 1.373 0.000206029 -0.185 3.946383
 1.429 0.000206029 -0.185 3.946383
 1.488 0.000207251 -0.185 3.946383
 1.539 0.000208473 -0.185 3.946383
 1.596 0.000207251 -0.185 3.946383
 1.657 0.000207251 -0.185 3.946383
 1.711 0.000207251 -0.185 3.946383
 1.768 0.000206029 -0.185 3.946383
 1.827 0.000207251 -0.185 3.946383
 1.882 0.000207251 -0.185 3.946383
 1.938 0.000207251 -0.185 3.946383
 1.995 0.000207251 -0.185 3.946383
 2.050 0.000207251 -0.185 3.946383
 2.108 0.000207251 -0.185 3.946383
 2.163 0.000207251 -0.185 3.946383
 2.222 0.000207251 -0.185 3.946383
 2.275 0.000207251 -0.185 3.946383
 2.333 0.000207251 -0.185 3.946383
 2.388 0.000207251 -0.185 3.946383
 2.451 0.000208473 -0.185 3.946383
 2.502 0.000208473 -0.185 3.946383
 2.560 0.000206029 -0.185 3.946383
 2.617 0.000208473 -0.185 3.946383
 2.674 0.000209695 -0.185 3.946383
 2.731 0.000207251 -0.185 3.946383
 2.788 0.000208473 -0.185 3.946383
 2.842 0.000208473 -0.185 3.946383
 2.899 0.000208473 -0.185 3.946383
 2.953 0.000209695 -0.185 3.946383
 3.010 0.000208473 -0.185 3.946383
 3.063 0.000208473 -0.185 3.946383
 3.119 0.000209695 -0.185 3.946383
 3.178 0.000209695 -0.185 3.946383
 3.231 0.000209695 -0.185 3.946383
 3.290 0.000209695 -0.185 3.946383
 3.344 0.000209695 -0.185 3.946383
 3.401 0.000209695 -0.185 3.946383
 3.454 0.000208473 -0.185 3.946383
 3.512 0.000209695 -0.185 3.946383
 3.567 0.000209695 -0.185 3.946383
 3.626 0.000209695 -0.185 3.946383
 3.680 0.000210917 -0.185 3.946383
 3.740 0.000209695 -0.185 3.946383
 3.794 0.000209695 -0.185 3.946383
 3.853 0.000209695 -0.185 3.946383
 3.906 0.000210917 -0.185 3.946383
 3.965 0.000210917 -0.185 3.946383
 4.019 0.000210917 -0.185 3.946383
 4.076 0.000209695 -0.185 3.946383
 4.135 0.000208473 -0.185 3.946383
 4.194 0.000209695 -0.185 3.946383
 4.250 0.000210917 -0.185 3.946383
 4.305 0.000209695 -0.185 3.946383
 4.362 0.000209695 -0.185 3.946383
 4.421 0.000209695 -0.185 3.946383
 4.477 0.000212139 -0.185 3.946383
 4.530 0.000210917 -0.185 3.946383
 4.587 0.000210917 -0.185 3.946383
 4.641 0.000212139 -0.185 3.946383
 4.698 0.000212139 -0.185 3.946383
 4.755 0.000210917 -0.185 3.946383
 4.812 0.000212139 -0.185 3.946383
 4.866 0.000210917 -0.185 3.946383
 4.925 0.000213361 -0.185 3.946383
 4.977 0.000212139 -0.185 3.946383
 5.037 0.000213361 -0.185 3.946383
 5.091 0.000212139 -0.185 3.946383
 5.146 0.000212139 -0.185 3.946383
 5.204 0.000212139 -0.185 3.946383
 5.261 0.000212139 -0.185 3.946383
 5.316 0.000212139 -0.185 3.946383
 5.379 0.000212139 -0.185 3.946383
 5.430 0.000213361 -0.185 3.946383
 5.488 0.000212139 -0.185 3.946383
 5.541 0.000212139 -0.185 3.946383
 5.596 0.000213361 -0.185 3.946383
 5.654 0.000214583 -0.185 3.946383
 5.713 0.000213361 -0.185 3.946383
 5.772 0.000213361 -0.185 3.946383
 5.827 0.000210917 -0.185 3.946383
 5.882 0.000212139 -0.185 3.946383
 5.940 0.000212139 -0.185 3.946383
 5.997 0.000210917 -0.185 3.946383
 6.052 0.000213361 -0.185 3.946383
 6.108 0.000213361 -0.185 3.946383
 6.167 0.000213361 -0.185 3.946383
 6.226 0.000212139 -0.185 3.946383
 6.281 0.000213361 -0.185 3.946383
 6.336 0.000212139 -0.185 3.946383
 6.392 0.000210917 -0.185 3.946383
 6.445 0.000213361 -0.185 3.946383
 6.506 0.000213361 -0.185 3.946383
 6.565 0.000213361 -0.185 3.946383
 6.617 0.000213361 -0.185 3.946383
 6.672 0.000214583 -0.185 3.946383
 6.731 0.000212139 -0.185 3.946383
 6.785 0.000213361 -0.185 3.946383
 6.842 0.000213361 -0.185 3.946383
 6.897 0.000213361 -0.185 3.946383
 6.956 0.000213361 -0.185 3.946383
 7.013 0.000213361 -0.185 3.946383
 7.071 0.000214583 -0.185 3.946383
 7.128 0.000213361 -0.185 3.946383
 7.185 0.000213361 -0.185 3.946383
 7.240 0.000210917 -0.185 3.946383
 7.301 0.000213361 -0.185 3.946383
 7.353 0.000214583 -0.185 3.946383
 7.410 0.000213361 -0.185 3.946383
 7.467 0.000213361 -0.185 3.946383
 7.526 0.000212139 -0.185 3.946383
 7.582 0.000213361 -0.185 3.946383
 7.635 0.000214583 -0.185 3.946383
 7.692 0.000214583 -0.185 3.946383
 7.755 0.000214583 -0.185 3.946383
 7.805 0.000213361 -0.185 3.946383
 7.862 0.000213361 -0.185 3.946383
 7.919 0.000213361 -0.185 3.946383
 7.975 0.000212139 -0.185 3.946383
 8.030 0.000213361 -0.185 3.946383
 8.087 0.000214583 -0.185 3.946383
 8.143 0.000213361 -0.185 3.946383
 8.200 0.000213361 -0.185 3.946383
 8.257 0.000214583 -0.185 3.946383
 8.314 0.000214583 -0.185 3.946383
 8.371 0.000214583 -0.185 3.946383
 8.427 0.000214583 -0.185 3.946383
 8.482 0.000213361 -0.185 3.946383
 8.541 0.000214583 -0.185 3.946383
 8.595 0.000215805 -0.185 3.946383
 8.652 0.000214583 -0.185 3.946383
 8.711 0.000213361 -0.185 3.946383
 8.764 0.000215805 -0.185 3.946383
 8.822 0.000214583 -0.185 3.946383
 8.875 0.000214583 -0.185 3.946383
 8.930 0.000214583 -0.185 3.946383
 8.988 0.000215805 -0.185 3.946383
 9.045 0.000214583 -0.185 3.946383
 9.102 0.000214583 -0.185 3.946383
 9.159 0.000214583 -0.185 3.946383
 9.215 0.000215805 -0.185 3.946383
 9.274 0.000214583 -0.185 3.946383
 9.329 0.000214583 -0.185 3.946383
 9.386 0.000215805 -0.185 3.946383
 9.442 0.000214583 -0.185 3.946383
 9.499 0.000214583 -0.185 3.946383
 9.556 0.000214583 -0.185 3.946383
 9.608 0.000215805 -0.185 3.946383
 9.668 0.000214583 -0.185 3.946383
 9.727 0.000214583 -0.185 3.946383
 9.783 0.000215805 -0.185 3.946383
 9.836 0.000213361 -0.185 3.946383
 9.899 0.000215805 -0.185 3.946383
 9.956 0.000214583 -0.185 3.946383
 10.013 0.000215805 -0.185 3.946383
 10.065 0.000214583 -0.185 3.946383
 10.122 0.000214583 -0.185 3.946383
 10.180 0.000215805 -0.185 3.946383
 10.237 0.000215805 -0.185 3.946383
 10.290 0.000217027 -0.185 3.946383
 10.351 0.000214583 -0.185 3.946383
 10.406 0.000215805 -0.185 3.946383
 10.462 0.000215805 -0.185 3.946383
 10.519 0.000218249 -0.185 3.946383
 10.574 0.000217027 -0.185 3.946383
 10.630 0.000217027 -0.185 3.946383
 10.685 0.000215805 -0.185 3.946383
 10.744 0.000214583 -0.185 3.946383
 10.799 0.000215805 -0.185 3.946383
 10.855 0.000214583 -0.185 3.946383
 10.910 0.000217027 -0.185 3.946383
 10.969 0.000215805 -0.185 3.946383
 11.023 0.000217027 -0.185 3.946383
 11.080 0.000215805 -0.185 3.946383
 11.137 0.000217027 -0.185 3.946383
 11.200 0.000215805 -0.185 3.946383
 11.253 0.000217027 -0.185 3.946383
 11.309 0.000217027 -0.185 3.946383
 11.366 0.000215805 -0.185 3.946383
 11.421 0.000214583 -0.185 3.946383
 11.477 0.000215805 -0.185 3.946383
 11.534 0.000215805 -0.185 3.946383
 11.587 0.000217027 -0.185 3.946383
 11.646 0.000217027 -0.185 3.946383
 11.702 0.000217027 -0.185 3.946383
 11.759 0.000218249 -0.185 3.946383
 11.816 0.000217027 -0.185 3.946383
 11.875 0.000217027 -0.185 3.946383
 11.930 0.000217027 -0.185 3.946383
 11.988 0.000215805 -0.185 3.946383
 12.045 0.000215805 -0.185 3.946383
 12.102 0.000215805 -0.185 3.946383
 12.157 0.000217027 -0.185 3.946383
 12.216 0.000217027 -0.185 3.946383
 12.272 0.000218249 -0.185 3.946383
 12.331 0.000219471 -0.185 3.946383
 12.386 0.000217027 -0.185 3.946383
 12.443 0.000215805 -0.185 3.946383
 12.501 0.000215805 -0.185 3.946383
 12.552 0.000218249 -0.185 3.946383
 12.611 0.000217027 -0.185 3.946383
 12.667 0.000217027 -0.185 3.946383
 12.722 0.000217027 -0.185 3.946383
 12.781 0.000217027 -0.185 3.946383
 12.838 0.000219471 -0.185 3.946383
 12.892 0.000218249 -0.185 3.946383
 12.949 0.000215805 -0.185 3.946383
 13.006 0.000218249 -0.185 3.946383
 13.061 0.000218249 -0.185 3.946383
 13.115 0.000218249 -0.185 3.946383
 13.172 0.000219471 -0.185 3.946383
 13.231 0.000218249 -0.185 3.946383
 13.290 0.000218249 -0.185 3.946383
 13.346 0.000217027 -0.185 3.946383
 13.399 0.000218249 -0.185 3.946383
 13.460 0.000217027 -0.185 3.946383
 13.512 0.000218249 -0.185 3.946383
 13.576 0.000217027 -0.185 3.946383
 13.630 0.000218249 -0.185 3.946383
 13.689 0.000218249 -0.185 3.946383
 13.742 0.000218249 -0.185 3.946383
 13.798 0.000217027 -0.185 3.946383
 13.855 0.000218249 -0.185 3.946383
 13.914 0.000218249 -0.185 3.946383
 13.971 0.000218249 -0.185 3.946383
 14.030 0.000218249 -0.185 3.946383
 14.082 0.000218249 -0.185 3.946383
   1    4 0.002 -0.000006599 -0.281 5.970170
 0.037 0.000003177 -0.281 5.970170
 0.069 0.000022729 -0.281 5.970170
 0.087 0.000048391 -0.281 5.970170
 0.100 0.000075275 -0.281 5.970170
 0.113 0.000104603 -0.281 5.970170
 0.122 0.000136375 -0.281 5.970170
 0.133 0.000165703 -0.281 5.970170
 0.141 0.000196253 -0.281 5.970170
 0.152 0.000229247 -0.281 5.970170
 0.156 0.000259797 -0.281 5.970170
 0.172 0.000291569 -0.281 5.970170
 0.185 0.000318453 -0.281 5.970170
 0.200 0.000344115 -0.281 5.970170
 0.224 0.000367333 -0.281 5.970170
 0.257 0.000380775 -0.281 5.970170
 0.309 0.000388107 -0.281 5.970170
 0.360 0.000386885 -0.281 5.970170
 0.419 0.000388107 -0.281 5.970170
 0.473 0.000388107 -0.281 5.970170
 0.528 0.000390551 -0.281 5.970170
 0.584 0.000389329 -0.281 5.970170
 0.641 0.000389329 -0.281 5.970170
 0.696 0.000390551 -0.281 5.970170
 0.753 0.000389329 -0.281 5.970170
 0.811 0.000389329 -0.281 5.970170
 0.864 0.000390551 -0.281 5.970170
 0.923 0.000389329 -0.281 5.970170
 0.978 0.000391773 -0.281 5.970170
 1.036 0.000391773 -0.281 5.970170
 1.091 0.000390551 -0.281 5.970170
 1.150 0.000390551 -0.281 5.970170
 1.204 0.000391773 -0.281 5.970170
 1.261 0.000391773 -0.281 5.970170
 1.316 0.000394217 -0.281 5.970170
 1.373 0.000394217 -0.281 5.970170
 1.429 0.000392995 -0.281 5.970170
 1.488 0.000391773 -0.281 5.970170
 1.543 0.000392995 -0.281 5.970170
 1.602 0.000392995 -0.281 5.970170
 1.661 0.000391773 -0.281 5.970170
 1.716 0.000390551 -0.281 5.970170
 1.768 0.000392995 -0.281 5.970170
 1.825 0.000394217 -0.281 5.970170
 1.881 0.000392995 -0.281 5.970170
 1.936 0.000392995 -0.281 5.970170
 1.993 0.000394217 -0.281 5.970170
 2.049 0.000394217 -0.281 5.970170
 2.108 0.000392995 -0.281 5.970170
 2.163 0.000392995 -0.281 5.970170
 2.220 0.000394217 -0.281 5.970170
 2.274 0.000395439 -0.281 5.970170
 2.331 0.000394217 -0.281 5.970170
 2.388 0.000394217 -0.281 5.970170
 2.443 0.000395439 -0.281 5.970170
 2.497 0.000395439 -0.281 5.970170
 2.560 0.000395439 -0.281 5.970170
 2.611 0.000395439 -0.281 5.970170
 2.674 0.000394217 -0.281 5.970170
 2.724 0.000395439 -0.281 5.970170
 2.779 0.000394217 -0.281 5.970170
 2.836 0.000396661 -0.281 5.970170
 2.892 0.000396661 -0.281 5.970170
 2.947 0.000395439 -0.281 5.970170
 3.001 0.000396661 -0.281 5.970170
 3.058 0.000396661 -0.281 5.970170
 3.115 0.000396661 -0.281 5.970170
 3.170 0.000397883 -0.281 5.970170
 3.224 0.000396661 -0.281 5.970170
 3.281 0.000399105 -0.281 5.970170
 3.338 0.000397883 -0.281 5.970170
 3.397 0.000397883 -0.281 5.970170
 3.447 0.000399105 -0.281 5.970170
 3.510 0.000397883 -0.281 5.970170
 3.565 0.000396661 -0.281 5.970170
 3.622 0.000396661 -0.281 5.970170
 3.678 0.000397883 -0.281 5.970170
 3.733 0.000397883 -0.281 5.970170
 3.788 0.000397883 -0.281 5.970170
 3.851 0.000399105 -0.281 5.970170
 3.903 0.000399105 -0.281 5.970170
 3.965 0.000399105 -0.281 5.970170
 4.017 0.000399105 -0.281 5.970170
 4.080 0.000399105 -0.281 5.970170
 4.133 0.000399105 -0.281 5.970170
 4.187 0.000399105 -0.281 5.970170
 4.242 0.000399105 -0.281 5.970170
 4.301 0.000397883 -0.281 5.970170
 4.357 0.000399105 -0.281 5.970170
 4.412 0.000397883 -0.281 5.970170
 4.471 0.000399105 -0.281 5.970170
 4.523 0.000397883 -0.281 5.970170
 4.584 0.000397883 -0.281 5.970170
 4.639 0.000399105 -0.281 5.970170
 4.692 0.000397883 -0.281 5.970170
 4.748 0.000399105 -0.281 5.970170
 4.805 0.000400327 -0.281 5.970170
 4.862 0.000399105 -0.281 5.970170
 4.921 0.000400327 -0.281 5.970170
 4.977 0.000401549 -0.281 5.970170
 5.030 0.000401549 -0.281 5.970170
 5.085 0.000401549 -0.281 5.970170
 5.146 0.000400327 -0.281 5.970170
 5.204 0.000400327 -0.281 5.970170
 5.257 0.000400327 -0.281 5.970170
 5.314 0.000401549 -0.281 5.970170
 5.370 0.000399105 -0.281 5.970170
 5.429 0.000401549 -0.281 5.970170
 5.482 0.000400327 -0.281 5.970170
 5.536 0.000401549 -0.281 5.970170
 5.596 0.000400327 -0.281 5.970170
 5.656 0.000403993 -0.281 5.970170
 5.707 0.000401549 -0.281 5.970170
 5.763 0.000402771 -0.281 5.970170
 5.822 0.000402771 -0.281 5.970170
 5.877 0.000401549 -0.281 5.970170
 5.932 0.000401549 -0.281 5.970170
 5.991 0.000402771 -0.281 5.970170
 6.049 0.000401549 -0.281 5.970170
 6.108 0.000405215 -0.281 5.970170
 6.159 0.000401549 -0.281 5.970170
 6.216 0.000402771 -0.281 5.970170
 6.274 0.000401549 -0.281 5.970170
 6.329 0.000401549 -0.281 5.970170
 6.386 0.000401549 -0.281 5.970170
 6.438 0.000403993 -0.281 5.970170
 6.495 0.000405215 -0.281 5.970170
 6.550 0.000403993 -0.281 5.970170
 6.608 0.000403993 -0.281 5.970170
 6.668 0.000402771 -0.281 5.970170
 6.726 0.000403993 -0.281 5.970170
 6.781 0.000405215 -0.281 5.970170
 6.836 0.000405215 -0.281 5.970170
 6.895 0.000403993 -0.281 5.970170
 6.949 0.000403993 -0.281 5.970170
 7.008 0.000405215 -0.281 5.970170
 7.065 0.000403993 -0.281 5.970170
 7.117 0.000405215 -0.281 5.970170
 7.176 0.000406437 -0.281 5.970170
 7.233 0.000405215 -0.281 5.970170
 7.292 0.000403993 -0.281 5.970170
 7.346 0.000405215 -0.281 5.970170
 7.403 0.000406437 -0.281 5.970170
 7.456 0.000405215 -0.281 5.970170
 7.515 0.000405215 -0.281 5.970170
 7.571 0.000405215 -0.281 5.970170
 7.626 0.000405215 -0.281 5.970170
 7.683 0.000406437 -0.281 5.970170
 7.740 0.000405215 -0.281 5.970170
 7.794 0.000405215 -0.281 5.970170
 7.853 0.000405215 -0.281 5.970170
 7.908 0.000407659 -0.281 5.970170
 7.964 0.000405215 -0.281 5.970170
 8.021 0.000406437 -0.281 5.970170
 8.082 0.000406437 -0.281 5.970170
 8.133 0.000406437 -0.281 5.970170
 8.192 0.000405215 -0.281 5.970170
 8.250 0.000406437 -0.281 5.970170
 8.301 0.000407659 -0.281 5.970170
 8.360 0.000407659 -0.281 5.970170
 8.414 0.000407659 -0.281 5.970170
 8.471 0.000407659 -0.281 5.970170
 8.528 0.000406437 -0.281 5.970170
 8.585 0.000406437 -0.281 5.970170
 8.639 0.000407659 -0.281 5.970170
 8.696 0.000408881 -0.281 5.970170
 8.751 0.000407659 -0.281 5.970170
 8.811 0.000408881 -0.281 5.970170
 8.860 0.000408881 -0.281 5.970170
 8.923 0.000407659 -0.281 5.970170
 8.978 0.000407659 -0.281 5.970170
 9.032 0.000407659 -0.281 5.970170
 9.091 0.000407659 -0.281 5.970170
 9.141 0.000406437 -0.281 5.970170
 9.200 0.000408881 -0.281 5.970170
 9.257 0.000407659 -0.281 5.970170
 9.316 0.000408881 -0.281 5.970170
 9.375 0.000407659 -0.281 5.970170
 9.430 0.000408881 -0.281 5.970170
 9.488 0.000407659 -0.281 5.970170
 9.545 0.000407659 -0.281 5.970170
 9.602 0.000408881 -0.281 5.970170
 9.663 0.000407659 -0.281 5.970170
 9.715 0.000408881 -0.281 5.970170
 9.775 0.000406437 -0.281 5.970170
 9.833 0.000407659 -0.281 5.970170
 9.888 0.000408881 -0.281 5.970170
 9.942 0.000408881 -0.281 5.970170
 9.997 0.000407659 -0.281 5.970170
 10.054 0.000410103 -0.281 5.970170
 10.113 0.000408881 -0.281 5.970170
 10.167 0.000410103 -0.281 5.970170
 10.226 0.000410103 -0.281 5.970170
 10.281 0.000408881 -0.281 5.970170
 10.340 0.000407659 -0.281 5.970170
 10.395 0.000408881 -0.281 5.970170
 10.454 0.000410103 -0.281 5.970170
 10.508 0.000408881 -0.281 5.970170
 10.563 0.000410103 -0.281 5.970170
 10.622 0.000410103 -0.281 5.970170
 10.676 0.000411325 -0.281 5.970170
 10.731 0.000411325 -0.281 5.970170
 10.788 0.000411325 -0.281 5.970170
 10.844 0.000411325 -0.281 5.970170
 10.899 0.000411325 -0.281 5.970170
 10.958 0.000411325 -0.281 5.970170
 11.010 0.000410103 -0.281 5.970170
 11.071 0.000411325 -0.281 5.970170
 11.126 0.000411325 -0.281 5.970170
 11.183 0.000410103 -0.281 5.970170
 11.237 0.000411325 -0.281 5.970170
 11.294 0.000412547 -0.281 5.970170
 11.351 0.000410103 -0.281 5.970170
 11.405 0.000412547 -0.281 5.970170
 11.462 0.000411325 -0.281 5.970170
 11.519 0.000411325 -0.281 5.970170
 11.574 0.000411325 -0.281 5.970170
 11.630 0.000413769 -0.281 5.970170
 11.687 0.000410103 -0.281 5.970170
 11.750 0.000411325 -0.281 5.970170
 11.805 0.000411325 -0.281 5.970170
 11.860 0.000411325 -0.281 5.970170
 11.919 0.000411325 -0.281 5.970170
 11.973 0.000412547 -0.281 5.970170
 12.032 0.000411325 -0.281 5.970170
 12.089 0.000412547 -0.281 5.970170
 12.146 0.000412547 -0.281 5.970170
 12.202 0.000412547 -0.281 5.970170
 12.259 0.000412547 -0.281 5.970170
 12.314 0.000412547 -0.281 5.970170
 12.370 0.000412547 -0.281 5.970170
 12.425 0.000412547 -0.281 5.970170
 12.484 0.000412547 -0.281 5.970170
 12.536 0.000413769 -0.281 5.970170
 12.595 0.000413769 -0.281 5.970170
 12.650 0.000412547 -0.281 5.970170
 12.709 0.000411325 -0.281 5.970170
 12.764 0.000411325 -0.281 5.970170
 12.823 0.000413769 -0.281 5.970170
 12.881 0.000412547 -0.281 5.970170
 12.936 0.000414991 -0.281 5.970170
 12.995 0.000413769 -0.281 5.970170
 13.049 0.000413769 -0.281 5.970170
 13.106 0.000413769 -0.281 5.970170
 13.165 0.000414991 -0.281 5.970170
 13.220 0.000413769 -0.281 5.970170
 13.279 0.000413769 -0.281 5.970170
 13.331 0.000412547 -0.281 5.970170
 13.390 0.000413769 -0.281 5.970170
 13.445 0.000414991 -0.281 5.970170
 13.502 0.000416213 -0.281 5.970170
 13.560 0.000413769 -0.281 5.970170
 13.615 0.000413769 -0.281 5.970170
 13.674 0.000413769 -0.281 5.970170
 13.729 0.000413769 -0.281 5.970170
 13.787 0.000414991 -0.281 5.970170
   1    5 0.001 -0.000009043 -0.376 7.993957
 0.036 0.000004399 -0.376 7.993957
 0.061 0.000026395 -0.376 7.993957
 0.078 0.000053279 -0.376 7.993957
 0.087 0.000081385 -0.376 7.993957
 0.098 0.000111935 -0.376 7.993957
 0.108 0.000144929 -0.376 7.993957
 0.113 0.000175479 -0.376 7.993957
 0.120 0.000212139 -0.376 7.993957
 0.128 0.000241467 -0.376 7.993957
 0.135 0.000275683 -0.376 7.993957
 0.144 0.000308677 -0.376 7.993957
 0.150 0.000340449 -0.376 7.993957
 0.154 0.000374665 -0.376 7.993957
 0.163 0.000406437 -0.376 7.993957
 0.174 0.000438209 -0.376 7.993957
 0.180 0.000468759 -0.376 7.993957
 0.192 0.000500531 -0.376 7.993957
 0.204 0.000531081 -0.376 7.993957
 0.218 0.000556743 -0.376 7.993957
 0.242 0.000578739 -0.376 7.993957
 0.279 0.000592181 -0.376 7.993957
 0.329 0.000597069 -0.376 7.993957
 0.382 0.000599513 -0.376 7.993957
 0.440 0.000599513 -0.376 7.993957
 0.495 0.000599513 -0.376 7.993957
 0.554 0.000600735 -0.376 7.993957
 0.606 0.000600735 -0.376 7.993957
 0.665 0.000601957 -0.376 7.993957
 0.718 0.000603179 -0.376 7.993957
 0.774 0.000601957 -0.376 7.993957
 0.833 0.000601957 -0.376 7.993957
 0.892 0.000603179 -0.376 7.993957
 0.945 0.000604401 -0.376 7.993957
 1.001 0.000599513 -0.376 7.993957
 1.056 0.000603179 -0.376 7.993957
 1.115 0.000601957 -0.376 7.993957
 1.172 0.000603179 -0.376 7.993957
 1.224 0.000604401 -0.376 7.993957
 1.285 0.000604401 -0.376 7.993957
 1.338 0.000605623 -0.376 7.993957
 1.394 0.000605623 -0.376 7.993957
 1.453 0.000604401 -0.376 7.993957
 1.508 0.000606845 -0.376 7.993957
 1.560 0.000606845 -0.376 7.993957
 1.619 0.000605623 -0.376 7.993957
 1.676 0.000605623 -0.376 7.993957
 1.735 0.000605623 -0.376 7.993957
 1.792 0.000606845 -0.376 7.993957
 1.846 0.000606845 -0.376 7.993957
 1.901 0.000608067 -0.376 7.993957
 1.954 0.000608067 -0.376 7.993957
 2.010 0.000608067 -0.376 7.993957
 2.071 0.000606845 -0.376 7.993957
 2.126 0.000606845 -0.376 7.993957
 2.178 0.000609289 -0.376 7.993957
 2.235 0.000610511 -0.376 7.993957
 2.290 0.000610511 -0.376 7.993957
 2.347 0.000608067 -0.376 7.993957
 2.403 0.000609289 -0.376 7.993957
 2.460 0.000608067 -0.376 7.993957
 2.513 0.000611733 -0.376 7.993957
 2.573 0.000611733 -0.376 7.993957
 2.630 0.000609289 -0.376 7.993957
 2.683 0.000610511 -0.376 7.993957
 2.739 0.000610511 -0.376 7.993957
 2.792 0.000611733 -0.376 7.993957
 2.849 0.000609289 -0.376 7.993957
 2.908 0.000610511 -0.376 7.993957
 2.962 0.000612955 -0.376 7.993957
 3.021 0.000610511 -0.376 7.993957
 3.074 0.000611733 -0.376 7.993957
 3.128 0.000611733 -0.376 7.993957
 3.189 0.000612955 -0.376 7.993957
 3.242 0.000611733 -0.376 7.993957
 3.299 0.000609289 -0.376 7.993957
 3.353 0.000611733 -0.376 7.993957
 3.412 0.000612955 -0.376 7.993957
 3.469 0.000611733 -0.376 7.993957
 3.526 0.000614177 -0.376 7.993957
 3.580 0.000614177 -0.376 7.993957
 3.637 0.000614177 -0.376 7.993957
 3.694 0.000614177 -0.376 7.993957
 3.753 0.000615399 -0.376 7.993957
 3.805 0.000614177 -0.376 7.993957
 3.866 0.000614177 -0.376 7.993957
 3.918 0.000612955 -0.376 7.993957
 3.977 0.000615399 -0.376 7.993957
 4.030 0.000615399 -0.376 7.993957
 4.091 0.000615399 -0.376 7.993957
 4.148 0.000614177 -0.376 7.993957
 4.205 0.000615399 -0.376 7.993957
 4.259 0.000616621 -0.376 7.993957
 4.312 0.000614177 -0.376 7.993957
 4.371 0.000615399 -0.376 7.993957
 4.425 0.000616621 -0.376 7.993957
 4.484 0.000616621 -0.376 7.993957
 4.536 0.000616621 -0.376 7.993957
 4.595 0.000616621 -0.376 7.993957
 4.650 0.000616621 -0.376 7.993957
 4.705 0.000617843 -0.376 7.993957
 4.764 0.000617843 -0.376 7.993957
 4.820 0.000616621 -0.376 7.993957
 4.873 0.000616621 -0.376 7.993957
 4.934 0.000619065 -0.376 7.993957
 4.989 0.000617843 -0.376 7.993957
 5.043 0.000617843 -0.376 7.993957
 5.102 0.000617843 -0.376 7.993957
 5.159 0.000617843 -0.376 7.993957
 5.215 0.000620287 -0.376 7.993957
 5.270 0.000620287 -0.376 7.993957
 5.329 0.000619065 -0.376 7.993957
 5.384 0.000619065 -0.376 7.993957
 5.440 0.000619065 -0.376 7.993957
 5.497 0.000620287 -0.376 7.993957
 5.554 0.000619065 -0.376 7.993957
 5.609 0.000619065 -0.376 7.993957
 5.667 0.000619065 -0.376 7.993957
 5.724 0.000619065 -0.376 7.993957
 5.775 0.000621509 -0.376 7.993957
 5.833 0.000621509 -0.376 7.993957
 5.890 0.000621509 -0.376 7.993957
 5.949 0.000619065 -0.376 7.993957
 6.006 0.000620287 -0.376 7.993957
 6.060 0.000620287 -0.376 7.993957
 6.113 0.000620287 -0.376 7.993957
 6.170 0.000621509 -0.376 7.993957
 6.229 0.000620287 -0.376 7.993957
 6.281 0.000620287 -0.376 7.993957
 6.342 0.000621509 -0.376 7.993957
 6.397 0.000620287 -0.376 7.993957
 6.454 0.000621509 -0.376 7.993957
 6.508 0.000621509 -0.376 7.993957
 6.571 0.000621509 -0.376 7.993957
 6.624 0.000622731 -0.376 7.993957
 6.681 0.000623953 -0.376 7.993957
 6.739 0.000622731 -0.376 7.993957
 6.794 0.000622731 -0.376 7.993957
 6.847 0.000623953 -0.376 7.993957
 6.905 0.000622731 -0.376 7.993957
 6.964 0.000623953 -0.376 7.993957
 7.017 0.000622731 -0.376 7.993957
 7.073 0.000622731 -0.376 7.993957
 7.128 0.000622731 -0.376 7.993957
 7.187 0.000621509 -0.376 7.993957
 7.240 0.000622731 -0.376 7.993957
 7.301 0.000623953 -0.376 7.993957
 7.355 0.000625175 -0.376 7.993957
 7.412 0.000623953 -0.376 7.993957
 7.465 0.000623953 -0.376 7.993957
 7.525 0.000622731 -0.376 7.993957
 7.584 0.000625175 -0.376 7.993957
 7.637 0.000623953 -0.376 7.993957
 7.694 0.000623953 -0.376 7.993957
 7.751 0.000623953 -0.376 7.993957
 7.812 0.000623953 -0.376 7.993957
 7.862 0.000623953 -0.376 7.993957
 7.921 0.000626397 -0.376 7.993957
 7.977 0.000625175 -0.376 7.993957
 8.034 0.000625175 -0.376 7.993957
 8.093 0.000625175 -0.376 7.993957
 8.144 0.000625175 -0.376 7.993957
 8.202 0.000626397 -0.376 7.993957
 8.257 0.000626397 -0.376 7.993957
 8.312 0.000626397 -0.376 7.993957
 8.366 0.000626397 -0.376 7.993957
 8.423 0.000626397 -0.376 7.993957
 8.478 0.000626397 -0.376 7.993957
 8.534 0.000628841 -0.376 7.993957
 8.591 0.000628841 -0.376 7.993957
 8.646 0.000627619 -0.376 7.993957
 8.705 0.000626397 -0.376 7.993957
 8.757 0.000628841 -0.376 7.993957
 8.816 0.000627619 -0.376 7.993957
 8.871 0.000627619 -0.376 7.993957
 8.932 0.000627619 -0.376 7.993957
 8.988 0.000626397 -0.376 7.993957
 9.043 0.000628841 -0.376 7.993957
 9.096 0.000628841 -0.376 7.993957
 9.156 0.000628841 -0.376 7.993957
 9.211 0.000627619 -0.376 7.993957
 9.270 0.000628841 -0.376 7.993957
 9.329 0.000627619 -0.376 7.993957
 9.384 0.000627619 -0.376 7.993957
 9.442 0.000630063 -0.376 7.993957
 9.495 0.000630063 -0.376 7.993957
 9.554 0.000630063 -0.376 7.993957
 9.609 0.000628841 -0.376 7.993957
 9.667 0.000628841 -0.376 7.993957
 9.722 0.000630063 -0.376 7.993957
 9.779 0.000631285 -0.376 7.993957
 9.838 0.000631285 -0.376 7.993957
 9.897 0.000632507 -0.376 7.993957
 9.949 0.000631285 -0.376 7.993957
 10.008 0.000630063 -0.376 7.993957
 10.061 0.000631285 -0.376 7.993957
 10.119 0.000631285 -0.376 7.993957
 10.176 0.000632507 -0.376 7.993957
 10.235 0.000631285 -0.376 7.993957
 10.288 0.000631285 -0.376 7.993957
 10.349 0.000633729 -0.376 7.993957
 10.403 0.000633729 -0.376 7.993957
 10.456 0.000631285 -0.376 7.993957
 10.512 0.000632507 -0.376 7.993957
 10.569 0.000632507 -0.376 7.993957
 10.626 0.000632507 -0.376 7.993957
 10.678 0.000632507 -0.376 7.993957
 10.733 0.000631285 -0.376 7.993957
 10.790 0.000632507 -0.376 7.993957
 10.847 0.000632507 -0.376 7.993957
 10.903 0.000633729 -0.376 7.993957
 10.960 0.000632507 -0.376 7.993957
 11.015 0.000633729 -0.376 7.993957
 11.073 0.000633729 -0.376 7.993957
 11.128 0.000632507 -0.376 7.993957
 11.185 0.000633729 -0.376 7.993957
 11.244 0.000634951 -0.376 7.993957
 11.299 0.000631285 -0.376 7.993957
 11.355 0.000631285 -0.376 7.993957
 11.414 0.000633729 -0.376 7.993957
 11.467 0.000633729 -0.376 7.993957
 11.528 0.000633729 -0.376 7.993957
 11.584 0.000633729 -0.376 7.993957
 11.641 0.000636173 -0.376 7.993957
 11.696 0.000634951 -0.376 7.993957
 11.753 0.000634951 -0.376 7.993957
 11.809 0.000634951 -0.376 7.993957
 11.866 0.000634951 -0.376 7.993957
 11.923 0.000636173 -0.376 7.993957
 11.978 0.000634951 -0.376 7.993957
 12.037 0.000636173 -0.376 7.993957
 12.095 0.000636173 -0.376 7.993957
 12.152 0.000634951 -0.376 7.993957
 12.203 0.000636173 -0.376 7.993957
 12.261 0.000636173 -0.376 7.993957
 12.318 0.000636173 -0.376 7.993957
 12.377 0.000636173 -0.376 7.993957
 12.430 0.000636173 -0.376 7.993957
 12.489 0.000634951 -0.376 7.993957
 12.543 0.000637395 -0.376 7.993957
 12.598 0.000634951 -0.376 7.993957
 12.656 0.000637395 -0.376 7.993957
 12.715 0.000637395 -0.376 7.993957
 12.770 0.000634951 -0.376 7.993957
 12.831 0.000636173 -0.376 7.993957
 12.888 0.000636173 -0.376 7.993957
 12.943 0.000637395 -0.376 7.993957
 12.999 0.000638617 -0.376 7.993957
 13.056 0.000636173 -0.376 7.993957
 13.111 0.000637395 -0.376 7.993957
 13.172 0.000638617 -0.376 7.993957
 13.224 0.000636173 -0.376 7.993957
 13.281 0.000636173 -0.376 7.993957
 13.342 0.000638617 -0.376 7.993957
 13.395 0.000636173 -0.376 7.993957
 13.453 0.000637395 -0.376 7.993957
   1    6 0.002 -0.000009043 -0.466 9.916553
 0.036 0.000006843 -0.466 9.916553
 0.060 0.000028839 -0.466 9.916553
 0.073 0.000056945 -0.466 9.916553
 0.082 0.000087495 -0.466 9.916553
 0.091 0.000119267 -0.466 9.916553
 0.100 0.000152261 -0.466 9.916553
 0.102 0.000182811 -0.466 9.916553
 0.111 0.000218249 -0.466 9.916553
 0.117 0.000251243 -0.466 9.916553
 0.122 0.000285459 -0.466 9.916553
 0.126 0.000318453 -0.466 9.916553
 0.132 0.000352669 -0.466 9.916553
 0.137 0.000386885 -0.466 9.916553
 0.143 0.000419879 -0.466 9.916553
 0.146 0.000455317 -0.466 9.916553
 0.152 0.000488311 -0.466 9.916553
 0.157 0.000524971 -0.466 9.916553
 0.161 0.000556743 -0.466 9.916553
 0.168 0.000589737 -0.466 9.916553
 0.176 0.000622731 -0.466 9.916553
 0.187 0.000656947 -0.466 9.916553
 0.192 0.000691163 -0.466 9.916553
 0.204 0.000720491 -0.466 9.916553
 0.213 0.000751041 -0.466 9.916553
 0.231 0.000776703 -0.466 9.916553
 0.250 0.000796255 -0.466 9.916553
 0.285 0.000809697 -0.466 9.916553
 0.336 0.000817029 -0.466 9.916553
 0.394 0.000817029 -0.466 9.916553
 0.445 0.000818251 -0.466 9.916553
 0.501 0.000819473 -0.466 9.916553
 0.561 0.000820695 -0.466 9.916553
 0.613 0.000820695 -0.466 9.916553
 0.672 0.000821917 -0.466 9.916553
 0.726 0.000820695 -0.466 9.916553
 0.785 0.000821917 -0.466 9.916553
 0.838 0.000823139 -0.466 9.916553
 0.895 0.000823139 -0.466 9.916553
 0.953 0.000824361 -0.466 9.916553
 1.012 0.000823139 -0.466 9.916553
 1.063 0.000823139 -0.466 9.916553
 1.120 0.000823139 -0.466 9.916553
 1.174 0.000825583 -0.466 9.916553
 1.231 0.000825583 -0.466 9.916553
 1.288 0.000825583 -0.466 9.916553
 1.342 0.000826805 -0.466 9.916553
 1.397 0.000826805 -0.466 9.916553
 1.453 0.000828027 -0.466 9.916553
 1.510 0.000828027 -0.466 9.916553
 1.563 0.000828027 -0.466 9.916553
 1.620 0.000828027 -0.466 9.916553
 1.676 0.000831693 -0.466 9.916553
 1.729 0.000830471 -0.466 9.916553
 1.788 0.000829249 -0.466 9.916553
 1.846 0.000829249 -0.466 9.916553
 1.905 0.000829249 -0.466 9.916553
 1.956 0.000830471 -0.466 9.916553
 2.012 0.000830471 -0.466 9.916553
 2.067 0.000831693 -0.466 9.916553
 2.126 0.000832915 -0.466 9.916553
 2.180 0.000831693 -0.466 9.916553
 2.237 0.000830471 -0.466 9.916553
 2.288 0.000832915 -0.466 9.916553
 2.347 0.000834137 -0.466 9.916553
 2.403 0.000834137 -0.466 9.916553
 2.460 0.000834137 -0.466 9.916553
 2.510 0.000835359 -0.466 9.916553
 2.571 0.000832915 -0.466 9.916553
 2.622 0.000834137 -0.466 9.916553
 2.680 0.000835359 -0.466 9.916553
 2.737 0.000836581 -0.466 9.916553
 2.792 0.000835359 -0.466 9.916553
 2.847 0.000835359 -0.466 9.916553
 2.906 0.000835359 -0.466 9.916553
 2.960 0.000837803 -0.466 9.916553
 3.019 0.000836581 -0.466 9.916553
 3.074 0.000836581 -0.466 9.916553
 3.128 0.000836581 -0.466 9.916553
 3.189 0.000835359 -0.466 9.916553
 3.244 0.000839025 -0.466 9.916553
 3.301 0.000840247 -0.466 9.916553
 3.357 0.000839025 -0.466 9.916553
 3.414 0.000839025 -0.466 9.916553
 3.465 0.000840247 -0.466 9.916553
 3.523 0.000839025 -0.466 9.916553
 3.580 0.000840247 -0.466 9.916553
 3.637 0.000839025 -0.466 9.916553
 3.691 0.000840247 -0.466 9.916553
 3.751 0.000837803 -0.466 9.916553
 3.803 0.000841469 -0.466 9.916553
 3.862 0.000841469 -0.466 9.916553
 3.918 0.000841469 -0.466 9.916553
 3.973 0.000841469 -0.466 9.916553
 4.028 0.000841469 -0.466 9.916553
 4.087 0.000840247 -0.466 9.916553
 4.144 0.000841469 -0.466 9.916553
 4.200 0.000842691 -0.466 9.916553
 4.257 0.000842691 -0.466 9.916553
 4.314 0.000842691 -0.466 9.916553
 4.364 0.000843913 -0.466 9.916553
 4.425 0.000842691 -0.466 9.916553
 4.482 0.000845135 -0.466 9.916553
 4.536 0.000842691 -0.466 9.916553
 4.593 0.000843913 -0.466 9.916553
 4.648 0.000842691 -0.466 9.916553
 4.702 0.000843913 -0.466 9.916553
 4.761 0.000845135 -0.466 9.916553
 4.816 0.000846357 -0.466 9.916553
 4.873 0.000843913 -0.466 9.916553
 4.930 0.000845135 -0.466 9.916553
 4.986 0.000846357 -0.466 9.916553
 5.043 0.000846357 -0.466 9.916553
 5.096 0.000846357 -0.466 9.916553
 5.152 0.000847579 -0.466 9.916553
 5.207 0.000847579 -0.466 9.916553
 5.268 0.000846357 -0.466 9.916553
 5.323 0.000847579 -0.466 9.916553
 5.382 0.000847579 -0.466 9.916553
 5.436 0.000846357 -0.466 9.916553
 5.489 0.000847579 -0.466 9.916553
 5.545 0.000847579 -0.466 9.916553
 5.602 0.000851245 -0.466 9.916553
 5.657 0.000848801 -0.466 9.916553
 5.715 0.000848801 -0.466 9.916553
 5.772 0.000850023 -0.466 9.916553
 5.825 0.000850023 -0.466 9.916553
 5.881 0.000848801 -0.466 9.916553
 5.938 0.000850023 -0.466 9.916553
 5.999 0.000850023 -0.466 9.916553
 6.052 0.000850023 -0.466 9.916553
 6.111 0.000851245 -0.466 9.916553
 6.167 0.000851245 -0.466 9.916553
 6.226 0.000850023 -0.466 9.916553
 6.279 0.000851245 -0.466 9.916553
 6.338 0.000851245 -0.466 9.916553
 6.394 0.000852467 -0.466 9.916553
 6.447 0.000852467 -0.466 9.916553
 6.504 0.000852467 -0.466 9.916553
 6.561 0.000853689 -0.466 9.916553
 6.617 0.000853689 -0.466 9.916553
 6.672 0.000851245 -0.466 9.916553
 6.727 0.000852467 -0.466 9.916553
 6.783 0.000853689 -0.466 9.916553
 6.840 0.000853689 -0.466 9.916553
 6.894 0.000852467 -0.466 9.916553
 6.953 0.000854911 -0.466 9.916553
 7.008 0.000853689 -0.466 9.916553
 7.067 0.000853689 -0.466 9.916553
 7.119 0.000853689 -0.466 9.916553
 7.180 0.000854911 -0.466 9.916553
 7.235 0.000853689 -0.466 9.916553
 7.294 0.000854911 -0.466 9.916553
 7.346 0.000854911 -0.466 9.916553
 7.405 0.000856133 -0.466 9.916553
 7.460 0.000856133 -0.466 9.916553
 7.517 0.000856133 -0.466 9.916553
 7.574 0.000854911 -0.466 9.916553
 7.632 0.000853689 -0.466 9.916553
 7.687 0.000854911 -0.466 9.916553
 7.742 0.000857355 -0.466 9.916553
 7.796 0.000858577 -0.466 9.916553
 7.853 0.000858577 -0.466 9.916553
 7.906 0.000856133 -0.466 9.916553
 7.964 0.000856133 -0.466 9.916553
 8.017 0.000857355 -0.466 9.916553
 8.076 0.000857355 -0.466 9.916553
 8.133 0.000858577 -0.466 9.916553
 8.189 0.000857355 -0.466 9.916553
 8.244 0.000858577 -0.466 9.916553
 8.298 0.000858577 -0.466 9.916553
 8.357 0.000858577 -0.466 9.916553
 8.412 0.000859799 -0.466 9.916553
 8.469 0.000858577 -0.466 9.916553
 8.525 0.000859799 -0.466 9.916553
 8.585 0.000858577 -0.466 9.916553
 8.639 0.000859799 -0.466 9.916553
 8.692 0.000859799 -0.466 9.916553
 8.751 0.000859799 -0.466 9.916553
 8.809 0.000859799 -0.466 9.916553
 8.866 0.000859799 -0.466 9.916553
 8.923 0.000861021 -0.466 9.916553
 8.978 0.000861021 -0.466 9.916553
 9.032 0.000861021 -0.466 9.916553
 9.089 0.000861021 -0.466 9.916553
 9.146 0.000861021 -0.466 9.916553
 9.202 0.000862243 -0.466 9.916553
 9.261 0.000863465 -0.466 9.916553
 9.316 0.000862243 -0.466 9.916553
 9.370 0.000859799 -0.466 9.916553
 9.429 0.000862243 -0.466 9.916553
 9.482 0.000863465 -0.466 9.916553
 9.543 0.000863465 -0.466 9.916553
 9.598 0.000862243 -0.466 9.916553
 9.657 0.000862243 -0.466 9.916553
 9.711 0.000863465 -0.466 9.916553
 9.770 0.000862243 -0.466 9.916553
 9.825 0.000864687 -0.466 9.916553
 9.884 0.000862243 -0.466 9.916553
 9.938 0.000864687 -0.466 9.916553
 9.995 0.000863465 -0.466 9.916553
 10.050 0.000864687 -0.466 9.916553
 10.108 0.000864687 -0.466 9.916553
 10.159 0.000864687 -0.466 9.916553
 10.222 0.000864687 -0.466 9.916553
 10.275 0.000865909 -0.466 9.916553
 10.329 0.000864687 -0.466 9.916553
 10.386 0.000865909 -0.466 9.916553
 10.443 0.000865909 -0.466 9.916553
 10.495 0.000865909 -0.466 9.916553
 10.550 0.000867131 -0.466 9.916553
 10.606 0.000865909 -0.466 9.916553
 10.663 0.000865909 -0.466 9.916553
 10.720 0.000864687 -0.466 9.916553
 10.777 0.000867131 -0.466 9.916553
 10.831 0.000864687 -0.466 9.916553
 10.892 0.000865909 -0.466 9.916553
 10.945 0.000865909 -0.466 9.916553
 11.002 0.000867131 -0.466 9.916553
 11.061 0.000867131 -0.466 9.916553
 11.117 0.000864687 -0.466 9.916553
 11.176 0.000865909 -0.466 9.916553
 11.229 0.000865909 -0.466 9.916553
 11.287 0.000867131 -0.466 9.916553
 11.344 0.000868353 -0.466 9.916553
 11.399 0.000868353 -0.466 9.916553
 11.454 0.000872019 -0.466 9.916553
 11.512 0.000869575 -0.466 9.916553
 11.567 0.000868353 -0.466 9.916553
 11.626 0.000869575 -0.466 9.916553
 11.681 0.000869575 -0.466 9.916553
 11.739 0.000869575 -0.466 9.916553
 11.796 0.000872019 -0.466 9.916553
 11.849 0.000870797 -0.466 9.916553
 11.908 0.000870797 -0.466 9.916553
 11.964 0.000869575 -0.466 9.916553
 12.023 0.000869575 -0.466 9.916553
 12.078 0.000870797 -0.466 9.916553
 12.137 0.000872019 -0.466 9.916553
 12.192 0.000869575 -0.466 9.916553
 12.248 0.000870797 -0.466 9.916553
 12.303 0.000870797 -0.466 9.916553
 12.364 0.000870797 -0.466 9.916553
 12.418 0.000870797 -0.466 9.916553
 12.477 0.000869575 -0.466 9.916553
 12.534 0.000870797 -0.466 9.916553
 12.591 0.000869575 -0.466 9.916553
 12.644 0.000872019 -0.466 9.916553
 12.702 0.000872019 -0.466 9.916553
 12.759 0.000872019 -0.466 9.916553
 12.820 0.000872019 -0.466 9.916553
 12.871 0.000872019 -0.466 9.916553
 12.930 0.000873241 -0.466 9.916553
 12.984 0.000874463 -0.466 9.916553
 13.037 0.000872019 -0.466 9.916553
 13.098 0.000874463 -0.466 9.916553
   1    7 0.006 -0.000009043 -0.561 11.940340
 0.032 0.000008065 -0.561 11.940340
 0.054 0.000031283 -0.561 11.940340
 0.067 0.000060611 -0.561 11.940340
 0.078 0.000089939 -0.561 11.940340
 0.084 0.000124155 -0.561 11.940340
 0.089 0.000155927 -0.561 11.940340
 0.098 0.000187699 -0.561 11.940340
 0.102 0.000224359 -0.561 11.940340
 0.106 0.000256131 -0.561 11.940340
 0.113 0.000291569 -0.561 11.940340
 0.117 0.000325785 -0.561 11.940340
 0.120 0.000361223 -0.561 11.940340
 0.126 0.000395439 -0.561 11.940340
 0.130 0.000428433 -0.561 11.940340
 0.137 0.000462649 -0.561 11.940340
 0.137 0.000496865 -0.561 11.940340
 0.143 0.000533525 -0.561 11.940340
 0.143 0.000567741 -0.561 11.940340
 0.150 0.000604401 -0.561 11.940340
 0.150 0.000639839 -0.561 11.940340
 0.159 0.000675277 -0.561 11.940340
 0.163 0.000707049 -0.561 11.940340
 0.167 0.000741265 -0.561 11.940340
 0.172 0.000776703 -0.561 11.940340
 0.178 0.000810919 -0.561 11.940340
 0.185 0.000845135 -0.561 11.940340
 0.191 0.000876907 -0.561 11.940340
 0.196 0.000911123 -0.561 11.940340
 0.204 0.000942895 -0.561 11.940340
 0.215 0.000973445 -0.561 11.940340
 0.227 0.001005217 -0.561 11.940340
 0.242 0.001032101 -0.561 11.940340
 0.266 0.001050431 -0.561 11.940340
 0.305 0.001065095 -0.561 11.940340
 0.357 0.001067539 -0.561 11.940340
 0.412 0.001071205 -0.561 11.940340
 0.464 0.001073649 -0.561 11.940340
 0.523 0.001071205 -0.561 11.940340
 0.580 0.001072427 -0.561 11.940340
 0.633 0.001071205 -0.561 11.940340
 0.691 0.001073649 -0.561 11.940340
 0.740 0.001074871 -0.561 11.940340
 0.803 0.001074871 -0.561 11.940340
 0.855 0.001073649 -0.561 11.940340
 0.912 0.001073649 -0.561 11.940340
 0.965 0.001074871 -0.561 11.940340
 1.025 0.001076093 -0.561 11.940340
 1.080 0.001078537 -0.561 11.940340
 1.135 0.001078537 -0.561 11.940340
 1.192 0.001077315 -0.561 11.940340
 1.246 0.001077315 -0.561 11.940340
 1.299 0.001079759 -0.561 11.940340
 1.355 0.001079759 -0.561 11.940340
 1.410 0.001079759 -0.561 11.940340
 1.469 0.001080981 -0.561 11.940340
 1.523 0.001079759 -0.561 11.940340
 1.576 0.001082203 -0.561 11.940340
 1.635 0.001080981 -0.561 11.940340
 1.687 0.001082203 -0.561 11.940340
 1.744 0.001083425 -0.561 11.940340
 1.798 0.001083425 -0.561 11.940340
 1.858 0.001083425 -0.561 11.940340
 1.912 0.001084647 -0.561 11.940340
 1.971 0.001085869 -0.561 11.940340
 2.023 0.001084647 -0.561 11.940340
 2.078 0.001084647 -0.561 11.940340
 2.132 0.001087091 -0.561 11.940340
 2.187 0.001087091 -0.561 11.940340
 2.242 0.001085869 -0.561 11.940340
 2.298 0.001087091 -0.561 11.940340
 2.357 0.001087091 -0.561 11.940340
 2.412 0.001088313 -0.561 11.940340
 2.471 0.001085869 -0.561 11.940340
 2.525 0.001089535 -0.561 11.940340
 2.582 0.001089535 -0.561 11.940340
 2.632 0.001090757 -0.561 11.940340
 2.694 0.001087091 -0.561 11.940340
 2.748 0.001090757 -0.561 11.940340
 2.807 0.001088313 -0.561 11.940340
 2.860 0.001090757 -0.561 11.940340
 2.916 0.001091979 -0.561 11.940340
 2.971 0.001091979 -0.561 11.940340
 3.032 0.001091979 -0.561 11.940340
 3.082 0.001091979 -0.561 11.940340
 3.143 0.001093201 -0.561 11.940340
 3.196 0.001091979 -0.561 11.940340
 3.253 0.001093201 -0.561 11.940340
 3.307 0.001093201 -0.561 11.940340
 3.366 0.001094423 -0.561 11.940340
 3.421 0.001094423 -0.561 11.940340
 3.478 0.001093201 -0.561 11.940340
 3.534 0.001094423 -0.561 11.940340
 3.587 0.001094423 -0.561 11.940340
 3.644 0.001093201 -0.561 11.940340
 3.702 0.001096867 -0.561 11.940340
 3.759 0.001096867 -0.561 11.940340
 3.816 0.001096867 -0.561 11.940340
 3.870 0.001095645 -0.561 11.940340
 3.925 0.001096867 -0.561 11.940340
 3.984 0.001096867 -0.561 11.940340
 4.036 0.001098089 -0.561 11.940340
 4.096 0.001098089 -0.561 11.940340
 4.152 0.001096867 -0.561 11.940340
 4.209 0.001098089 -0.561 11.940340
 4.261 0.001099311 -0.561 11.940340
 4.322 0.001099311 -0.561 11.940340
 4.375 0.001099311 -0.561 11.940340
 4.436 0.001100533 -0.561 11.940340
 4.489 0.001101755 -0.561 11.940340
 4.545 0.001099311 -0.561 11.940340
 4.602 0.001099311 -0.561 11.940340
 4.657 0.001100533 -0.561 11.940340
 4.711 0.001100533 -0.561 11.940340
 4.770 0.001100533 -0.561 11.940340
 4.825 0.001102977 -0.561 11.940340
 4.879 0.001105421 -0.561 11.940340
 4.936 0.001101755 -0.561 11.940340
 4.993 0.001101755 -0.561 11.940340
 5.049 0.001102977 -0.561 11.940340
 5.104 0.001102977 -0.561 11.940340
 5.161 0.001105421 -0.561 11.940340
 5.216 0.001104199 -0.561 11.940340
 5.275 0.001102977 -0.561 11.940340
 5.329 0.001104199 -0.561 11.940340
 5.384 0.001105421 -0.561 11.940340
 5.442 0.001105421 -0.561 11.940340
 5.499 0.001106643 -0.561 11.940340
 5.554 0.001106643 -0.561 11.940340
 5.608 0.001107865 -0.561 11.940340
 5.663 0.001109087 -0.561 11.940340
 5.726 0.001106643 -0.561 11.940340
 5.781 0.001107865 -0.561 11.940340
 5.834 0.001107865 -0.561 11.940340
 5.890 0.001106643 -0.561 11.940340
 5.953 0.001106643 -0.561 11.940340
 6.006 0.001110309 -0.561 11.940340
 6.060 0.001110309 -0.561 11.940340
 6.119 0.001109087 -0.561 11.940340
 6.174 0.001110309 -0.561 11.940340
 6.229 0.001110309 -0.561 11.940340
 6.285 0.001110309 -0.561 11.940340
 6.344 0.001109087 -0.561 11.940340
 6.399 0.001109087 -0.561 11.940340
 6.456 0.001107865 -0.561 11.940340
 6.508 0.001111531 -0.561 11.940340
 6.567 0.001109087 -0.561 11.940340
 6.620 0.001111531 -0.561 11.940340
 6.681 0.001111531 -0.561 11.940340
 6.731 0.001111531 -0.561 11.940340
 6.792 0.001111531 -0.561 11.940340
 6.846 0.001113975 -0.561 11.940340
 6.901 0.001111531 -0.561 11.940340
 6.956 0.001115197 -0.561 11.940340
 7.015 0.001112753 -0.561 11.940340
 7.071 0.001112753 -0.561 11.940340
 7.128 0.001112753 -0.561 11.940340
 7.183 0.001115197 -0.561 11.940340
 7.240 0.001115197 -0.561 11.940340
 7.298 0.001116419 -0.561 11.940340
 7.353 0.001113975 -0.561 11.940340
 7.410 0.001113975 -0.561 11.940340
 7.465 0.001116419 -0.561 11.940340
 7.525 0.001115197 -0.561 11.940340
 7.576 0.001116419 -0.561 11.940340
 7.633 0.001115197 -0.561 11.940340
 7.689 0.001117641 -0.561 11.940340
 7.746 0.001117641 -0.561 11.940340
 7.798 0.001116419 -0.561 11.940340
 7.858 0.001116419 -0.561 11.940340
 7.912 0.001118863 -0.561 11.940340
 7.969 0.001117641 -0.561 11.940340
 8.025 0.001117641 -0.561 11.940340
 8.076 0.001116419 -0.561 11.940340
 8.132 0.001118863 -0.561 11.940340
 8.191 0.001120085 -0.561 11.940340
 8.248 0.001118863 -0.561 11.940340
 8.305 0.001118863 -0.561 11.940340
 8.360 0.001117641 -0.561 11.940340
 8.416 0.001120085 -0.561 11.940340
 8.475 0.001120085 -0.561 11.940340
 8.532 0.001118863 -0.561 11.940340
 8.585 0.001118863 -0.561 11.940340
 8.643 0.001120085 -0.561 11.940340
 8.696 0.001120085 -0.561 11.940340
 8.751 0.001121307 -0.561 11.940340
 8.809 0.001120085 -0.561 11.940340
 8.866 0.001122529 -0.561 11.940340
 8.921 0.001121307 -0.561 11.940340
 8.980 0.001122529 -0.561 11.940340
 9.041 0.001122529 -0.561 11.940340
 9.091 0.001121307 -0.561 11.940340
 9.148 0.001122529 -0.561 11.940340
 9.207 0.001122529 -0.561 11.940340
 9.263 0.001123751 -0.561 11.940340
 9.318 0.001123751 -0.561 11.940340
 9.373 0.001123751 -0.561 11.940340
 9.432 0.001123751 -0.561 11.940340
 9.484 0.001123751 -0.561 11.940340
 9.549 0.001122529 -0.561 11.940340
 9.600 0.001124973 -0.561 11.940340
 9.659 0.001124973 -0.561 11.940340
 9.713 0.001126195 -0.561 11.940340
 9.770 0.001126195 -0.561 11.940340
 9.827 0.001126195 -0.561 11.940340
 9.884 0.001124973 -0.561 11.940340
 9.938 0.001126195 -0.561 11.940340
 9.993 0.001127417 -0.561 11.940340
 10.050 0.001126195 -0.561 11.940340
 10.102 0.001128639 -0.561 11.940340
 10.163 0.001126195 -0.561 11.940340
 10.216 0.001126195 -0.561 11.940340
 10.272 0.001126195 -0.561 11.940340
 10.331 0.001127417 -0.561 11.940340
 10.384 0.001127417 -0.561 11.940340
 10.440 0.001127417 -0.561 11.940340
 10.495 0.001127417 -0.561 11.940340
 10.550 0.001129861 -0.561 11.940340
 10.609 0.001129861 -0.561 11.940340
 10.661 0.001129861 -0.561 11.940340
 10.720 0.001131083 -0.561 11.940340
 10.777 0.001131083 -0.561 11.940340
 10.833 0.001131083 -0.561 11.940340
 10.890 0.001131083 -0.561 11.940340
 10.951 0.001131083 -0.561 11.940340
 11.002 0.001131083 -0.561 11.940340
 11.060 0.001132305 -0.561 11.940340
 11.113 0.001132305 -0.561 11.940340
 11.174 0.001132305 -0.561 11.940340
 11.229 0.001133527 -0.561 11.940340
 11.288 0.001131083 -0.561 11.940340
 11.338 0.001132305 -0.561 11.940340
 11.395 0.001132305 -0.561 11.940340
 11.451 0.001134749 -0.561 11.940340
 11.508 0.001132305 -0.561 11.940340
 11.563 0.001133527 -0.561 11.940340
 11.620 0.001133527 -0.561 11.940340
 11.681 0.001134749 -0.561 11.940340
 11.737 0.001133527 -0.561 11.940340
 11.794 0.001133527 -0.561 11.940340
 11.847 0.001133527 -0.561 11.940340
 11.910 0.001135971 -0.561 11.940340
 11.962 0.001134749 -0.561 11.940340
 12.023 0.001134749 -0.561 11.940340
 12.076 0.001133527 -0.561 11.940340
 12.133 0.001135971 -0.561 11.940340
 12.189 0.001135971 -0.561 11.940340
 12.248 0.001137193 -0.561 11.940340
 12.305 0.001135971 -0.561 11.940340
 12.360 0.001137193 -0.561 11.940340
 12.418 0.001137193 -0.561 11.940340
 12.475 0.001135971 -0.561 11.940340
 12.530 0.001137193 -0.561 11.940340
 12.585 0.001137193 -0.561 11.940340
 12.644 0.001138415 -0.561 11.940340
 12.702 0.001135971 -0.561 11.940340
   1    8 0.006 -0.000011487 -0.656 13.964127
 0.032 0.000008065 -0.656 13.964127
 0.045 0.000033727 -0.656 13.964127
 0.061 0.000064277 -0.656 13.964127
 0.071 0.000094827 -0.656 13.964127
 0.080 0.000129043 -0.656 13.964127
 0.084 0.000159593 -0.656 13.964127
 0.091 0.000192587 -0.656 13.964127
 0.095 0.000228025 -0.656 13.964127
 0.100 0.000261019 -0.656 13.964127
 0.104 0.000296457 -0.656 13.964127
 0.108 0.000329451 -0.656 13.964127
 0.113 0.000366111 -0.656 13.964127
 0.117 0.000399105 -0.656 13.964127
 0.120 0.000436987 -0.656 13.964127
 0.122 0.000468759 -0.656 13.964127
 0.126 0.000504197 -0.656 13.964127
 0.132 0.000542079 -0.656 13.964127
 0.133 0.000576295 -0.656 13.964127
 0.135 0.000611733 -0.656 13.964127
 0.141 0.000644727 -0.656 13.964127
 0.143 0.000682609 -0.656 13.964127
 0.148 0.000716825 -0.656 13.964127
 0.150 0.000754707 -0.656 13.964127
 0.154 0.000788923 -0.656 13.964127
 0.156 0.000820695 -0.656 13.964127
 0.159 0.000858577 -0.656 13.964127
 0.161 0.000894015 -0.656 13.964127
 0.167 0.000929453 -0.656 13.964127
 0.170 0.000962447 -0.656 13.964127
 0.176 0.000997885 -0.656 13.964127
 0.183 0.001033323 -0.656 13.964127
 0.187 0.001068761 -0.656 13.964127
 0.191 0.001101755 -0.656 13.964127
 0.198 0.001134749 -0.656 13.964127
 0.205 0.001168965 -0.656 13.964127
 0.216 0.001199515 -0.656 13.964127
 0.222 0.001234953 -0.656 13.964127
 0.233 0.001263059 -0.656 13.964127
 0.251 0.001287499 -0.656 13.964127
 0.277 0.001309495 -0.656 13.964127
 0.320 0.001320493 -0.656 13.964127
 0.368 0.001325381 -0.656 13.964127
 0.421 0.001326603 -0.656 13.964127
 0.478 0.001326603 -0.656 13.964127
 0.530 0.001327825 -0.656 13.964127
 0.585 0.001329047 -0.656 13.964127
 0.639 0.001329047 -0.656 13.964127
 0.696 0.001330269 -0.656 13.964127
 0.750 0.001331491 -0.656 13.964127
 0.807 0.001333935 -0.656 13.964127
 0.862 0.001331491 -0.656 13.964127
 0.914 0.001332713 -0.656 13.964127
 0.969 0.001333935 -0.656 13.964127
 1.028 0.001335157 -0.656 13.964127
 1.084 0.001336379 -0.656 13.964127
 1.139 0.001333935 -0.656 13.964127
 1.194 0.001336379 -0.656 13.964127
 1.250 0.001337601 -0.656 13.964127
 1.303 0.001338823 -0.656 13.964127
 1.362 0.001338823 -0.656 13.964127
 1.412 0.001340045 -0.656 13.964127
 1.467 0.001340045 -0.656 13.964127
 1.525 0.001342489 -0.656 13.964127
 1.578 0.001343711 -0.656 13.964127
 1.633 0.001342489 -0.656 13.964127
 1.689 0.001342489 -0.656 13.964127
 1.746 0.001342489 -0.656 13.964127
 1.798 0.001343711 -0.656 13.964127
 1.858 0.001344933 -0.656 13.964127
 1.912 0.001344933 -0.656 13.964127
 1.971 0.001343711 -0.656 13.964127
 2.025 0.001344933 -0.656 13.964127
 2.080 0.001346155 -0.656 13.964127
 2.135 0.001346155 -0.656 13.964127
 2.189 0.001347377 -0.656 13.964127
 2.248 0.001346155 -0.656 13.964127
 2.305 0.001347377 -0.656 13.964127
 2.360 0.001348599 -0.656 13.964127
 2.418 0.001347377 -0.656 13.964127
 2.469 0.001349821 -0.656 13.964127
 2.526 0.001349821 -0.656 13.964127
 2.584 0.001349821 -0.656 13.964127
 2.641 0.001349821 -0.656 13.964127
 2.698 0.001351043 -0.656 13.964127
 2.751 0.001352265 -0.656 13.964127
 2.807 0.001352265 -0.656 13.964127
 2.860 0.001353487 -0.656 13.964127
 2.918 0.001352265 -0.656 13.964127
 2.975 0.001353487 -0.656 13.964127
 3.032 0.001354709 -0.656 13.964127
 3.084 0.001353487 -0.656 13.964127
 3.143 0.001353487 -0.656 13.964127
 3.198 0.001353487 -0.656 13.964127
 3.257 0.001355931 -0.656 13.964127
 3.309 0.001355931 -0.656 13.964127
 3.370 0.001354709 -0.656 13.964127
 3.421 0.001355931 -0.656 13.964127
 3.477 0.001357153 -0.656 13.964127
 3.532 0.001359597 -0.656 13.964127
 3.587 0.001358375 -0.656 13.964127
 3.646 0.001359597 -0.656 13.964127
 3.700 0.001357153 -0.656 13.964127
 3.755 0.001358375 -0.656 13.964127
 3.812 0.001358375 -0.656 13.964127
 3.868 0.001358375 -0.656 13.964127
 3.923 0.001360819 -0.656 13.964127
 3.982 0.001362041 -0.656 13.964127
 4.037 0.001360819 -0.656 13.964127
 4.096 0.001360819 -0.656 13.964127
 4.154 0.001359597 -0.656 13.964127
 4.209 0.001363263 -0.656 13.964127
 4.261 0.001363263 -0.656 13.964127
 4.320 0.001364485 -0.656 13.964127
 4.373 0.001362041 -0.656 13.964127
 4.430 0.001363263 -0.656 13.964127
 4.488 0.001363263 -0.656 13.964127
 4.543 0.001364485 -0.656 13.964127
 4.602 0.001364485 -0.656 13.964127
 4.656 0.001364485 -0.656 13.964127
 4.709 0.001366929 -0.656 13.964127
 4.763 0.001366929 -0.656 13.964127
 4.820 0.001366929 -0.656 13.964127
 4.875 0.001366929 -0.656 13.964127
 4.934 0.001366929 -0.656 13.964127
 4.989 0.001369373 -0.656 13.964127
 5.041 0.001368151 -0.656 13.964127
 5.100 0.001366929 -0.656 13.964127
 5.156 0.001369373 -0.656 13.964127
 5.211 0.001366929 -0.656 13.964127
 5.272 0.001370595 -0.656 13.964127
 5.325 0.001371817 -0.656 13.964127
 5.384 0.001371817 -0.656 13.964127
 5.438 0.001371817 -0.656 13.964127
 5.497 0.001370595 -0.656 13.964127
 5.552 0.001373039 -0.656 13.964127
 5.609 0.001373039 -0.656 13.964127
 5.663 0.001371817 -0.656 13.964127
 5.718 0.001374261 -0.656 13.964127
 5.777 0.001373039 -0.656 13.964127
 5.833 0.001373039 -0.656 13.964127
 5.888 0.001371817 -0.656 13.964127
 5.940 0.001374261 -0.656 13.964127
 6.002 0.001374261 -0.656 13.964127
 6.052 0.001375483 -0.656 13.964127
 6.111 0.001375483 -0.656 13.964127
 6.167 0.001377927 -0.656 13.964127
 6.222 0.001379149 -0.656 13.964127
 6.279 0.001379149 -0.656 13.964127
 6.338 0.001376705 -0.656 13.964127
 6.392 0.001379149 -0.656 13.964127
 6.449 0.001377927 -0.656 13.964127
 6.502 0.001379149 -0.656 13.964127
 6.561 0.001379149 -0.656 13.964127
 6.617 0.001379149 -0.656 13.964127
 6.674 0.001380371 -0.656 13.964127
 6.729 0.001380371 -0.656 13.964127
 6.790 0.001379149 -0.656 13.964127
 6.842 0.001379149 -0.656 13.964127
 6.899 0.001380371 -0.656 13.964127
 6.954 0.001381593 -0.656 13.964127
 7.002 0.001384037 -0.656 13.964127
 7.065 0.001382815 -0.656 13.964127
 7.120 0.001384037 -0.656 13.964127
 7.176 0.001382815 -0.656 13.964127
 7.231 0.001382815 -0.656 13.964127
 7.288 0.001382815 -0.656 13.964127
 7.346 0.001384037 -0.656 13.964127
 7.405 0.001384037 -0.656 13.964127
 7.454 0.001384037 -0.656 13.964127
 7.515 0.001384037 -0.656 13.964127
 7.571 0.001382815 -0.656 13.964127
 7.626 0.001385259 -0.656 13.964127
 7.678 0.001387703 -0.656 13.964127
 7.733 0.001386481 -0.656 13.964127
 7.792 0.001386481 -0.656 13.964127
 7.846 0.001387703 -0.656 13.964127
 7.905 0.001384037 -0.656 13.964127
 7.954 0.001386481 -0.656 13.964127
 8.019 0.001387703 -0.656 13.964127
 8.073 0.001387703 -0.656 13.964127
 8.130 0.001387703 -0.656 13.964127
 8.187 0.001387703 -0.656 13.964127
 8.240 0.001390147 -0.656 13.964127
 8.298 0.001387703 -0.656 13.964127
 8.353 0.001390147 -0.656 13.964127
 8.410 0.001388925 -0.656 13.964127
 8.467 0.001388925 -0.656 13.964127
 8.519 0.001390147 -0.656 13.964127
 8.576 0.001390147 -0.656 13.964127
 8.633 0.001390147 -0.656 13.964127
 8.691 0.001390147 -0.656 13.964127
 8.742 0.001391369 -0.656 13.964127
 8.803 0.001391369 -0.656 13.964127
 8.857 0.001392591 -0.656 13.964127
 8.916 0.001392591 -0.656 13.964127
 8.973 0.001392591 -0.656 13.964127
 9.023 0.001395035 -0.656 13.964127
 9.084 0.001395035 -0.656 13.964127
 9.137 0.001396257 -0.656 13.964127
 9.198 0.001395035 -0.656 13.964127
 9.250 0.001395035 -0.656 13.964127
 9.309 0.001393813 -0.656 13.964127
 9.364 0.001395035 -0.656 13.964127
 9.423 0.001396257 -0.656 13.964127
 9.473 0.001397479 -0.656 13.964127
 9.532 0.001396257 -0.656 13.964127
 9.585 0.001397479 -0.656 13.964127
 9.646 0.001396257 -0.656 13.964127
 9.698 0.001397479 -0.656 13.964127
 9.759 0.001397479 -0.656 13.964127
 9.809 0.001398701 -0.656 13.964127
 9.870 0.001398701 -0.656 13.964127
 9.923 0.001398701 -0.656 13.964127
 9.980 0.001399923 -0.656 13.964127
 10.034 0.001399923 -0.656 13.964127
 10.089 0.001398701 -0.656 13.964127
 10.146 0.001399923 -0.656 13.964127
 10.203 0.001398701 -0.656 13.964127
 10.261 0.001399923 -0.656 13.964127
 10.314 0.001399923 -0.656 13.964127
 10.373 0.001401145 -0.656 13.964127
 10.427 0.001401145 -0.656 13.964127
 10.486 0.001398701 -0.656 13.964127
 10.541 0.001401145 -0.656 13.964127
 10.598 0.001401145 -0.656 13.964127
 10.656 0.001402367 -0.656 13.964127
 10.711 0.001401145 -0.656 13.964127
 10.764 0.001402367 -0.656 13.964127
 10.822 0.001401145 -0.656 13.964127
 10.875 0.001403589 -0.656 13.964127
 10.932 0.001403589 -0.656 13.964127
 10.988 0.001404811 -0.656 13.964127
 11.043 0.001403589 -0.656 13.964127
 11.104 0.001403589 -0.656 13.964127
 11.159 0.001403589 -0.656 13.964127
 11.213 0.001406033 -0.656 13.964127
 11.270 0.001406033 -0.656 13.964127
 11.329 0.001406033 -0.656 13.964127
 11.384 0.001407255 -0.656 13.964127
 11.440 0.001404811 -0.656 13.964127
 11.495 0.001407255 -0.656 13.964127
 11.552 0.001406033 -0.656 13.964127
 11.609 0.001404811 -0.656 13.964127
 11.668 0.001404811 -0.656 13.964127
 11.724 0.001407255 -0.656 13.964127
 11.779 0.001408477 -0.656 13.964127
 11.836 0.001407255 -0.656 13.964127
 11.894 0.001408477 -0.656 13.964127
 11.951 0.001408477 -0.656 13.964127
 12.006 0.001407255 -0.656 13.964127
 12.063 0.001409699 -0.656 13.964127
 12.120 0.001409699 -0.656 13.964127
 12.181 0.001408477 -0.656 13.964127
 12.235 0.001409699 -0.656 13.964127
 12.290 0.001408477 -0.656 13.964127
   1    9 0.006 -0.000012709 -0.751 15.987913
 0.028 0.000008065 -0.751 15.987913
 0.045 0.000034949 -0.751 15.987913
 0.056 0.000064277 -0.751 15.987913
 0.067 0.000097271 -0.751 15.987913
 0.074 0.000131487 -0.751 15.987913
 0.082 0.000163259 -0.751 15.987913
 0.085 0.000196253 -0.751 15.987913
 0.091 0.000231691 -0.751 15.987913
 0.095 0.000264685 -0.751 15.987913
 0.098 0.000301345 -0.751 15.987913
 0.102 0.000334339 -0.751 15.987913
 0.106 0.000370999 -0.751 15.987913
 0.109 0.000406437 -0.751 15.987913
 0.113 0.000441875 -0.751 15.987913
 0.115 0.000476091 -0.751 15.987913
 0.120 0.000510307 -0.751 15.987913
 0.122 0.000545745 -0.751 15.987913
 0.124 0.000582405 -0.751 15.987913
 0.128 0.000617843 -0.751 15.987913
 0.130 0.000654503 -0.751 15.987913
 0.133 0.000691163 -0.751 15.987913
 0.137 0.000725379 -0.751 15.987913
 0.139 0.000763261 -0.751 15.987913
 0.141 0.000797477 -0.751 15.987913
 0.143 0.000832915 -0.751 15.987913
 0.146 0.000868353 -0.751 15.987913
 0.148 0.000902569 -0.751 15.987913
 0.150 0.000940451 -0.751 15.987913
 0.154 0.000974667 -0.751 15.987913
 0.157 0.001008883 -0.751 15.987913
 0.161 0.001045543 -0.751 15.987913
 0.165 0.001082203 -0.751 15.987913
 0.167 0.001118863 -0.751 15.987913
 0.172 0.001154301 -0.751 15.987913
 0.176 0.001189739 -0.751 15.987913
 0.180 0.001226399 -0.751 15.987913
 0.183 0.001258171 -0.751 15.987913
 0.189 0.001294831 -0.751 15.987913
 0.194 0.001329047 -0.751 15.987913
 0.198 0.001363263 -0.751 15.987913
 0.205 0.001396257 -0.751 15.987913
 0.211 0.001429251 -0.751 15.987913
 0.218 0.001459801 -0.751 15.987913
 0.226 0.001492795 -0.751 15.987913
 0.239 0.001522123 -0.751 15.987913
 0.253 0.001552673 -0.751 15.987913
 0.279 0.001571003 -0.751 15.987913
 0.316 0.001584445 -0.751 15.987913
 0.368 0.001586889 -0.751 15.987913
 0.421 0.001591777 -0.751 15.987913
 0.473 0.001590555 -0.751 15.987913
 0.526 0.001592999 -0.751 15.987913
 0.580 0.001594221 -0.751 15.987913
 0.633 0.001594221 -0.751 15.987913
 0.694 0.001595443 -0.751 15.987913
 0.750 0.001596665 -0.751 15.987913
 0.805 0.001597887 -0.751 15.987913
 0.855 0.001596665 -0.751 15.987913
 0.912 0.001599109 -0.751 15.987913
 0.967 0.001599109 -0.751 15.987913
 1.021 0.001601553 -0.751 15.987913
 1.078 0.001603997 -0.751 15.987913
 1.128 0.001603997 -0.751 15.987913
 1.187 0.001603997 -0.751 15.987913
 1.242 0.001603997 -0.751 15.987913
 1.294 0.001606441 -0.751 15.987913
 1.346 0.001608885 -0.751 15.987913
 1.401 0.001607663 -0.751 15.987913
 1.456 0.001606441 -0.751 15.987913
 1.515 0.001608885 -0.751 15.987913
 1.567 0.001610107 -0.751 15.987913
 1.626 0.001611329 -0.751 15.987913
 1.680 0.001610107 -0.751 15.987913
 1.739 0.001611329 -0.751 15.987913
 1.792 0.001614995 -0.751 15.987913
 1.846 0.001614995 -0.751 15.987913
 1.903 0.001613773 -0.751 15.987913
 1.958 0.001614995 -0.751 15.987913
 2.012 0.001617439 -0.751 15.987913
 2.069 0.001617439 -0.751 15.987913
 2.126 0.001617439 -0.751 15.987913
 2.181 0.001617439 -0.751 15.987913
 2.235 0.001619883 -0.751 15.987913
 2.292 0.001617439 -0.751 15.987913
 2.349 0.001617439 -0.751 15.987913
 2.405 0.001619883 -0.751 15.987913
 2.456 0.001622327 -0.751 15.987913
 2.519 0.001621105 -0.751 15.987913
 2.574 0.001621105 -0.751 15.987913
 2.630 0.001622327 -0.751 15.987913
 2.687 0.001622327 -0.751 15.987913
 2.740 0.001623549 -0.751 15.987913
 2.798 0.001623549 -0.751 15.987913
 2.847 0.001624771 -0.751 15.987913
 2.908 0.001625993 -0.751 15.987913
 2.960 0.001625993 -0.751 15.987913
 3.019 0.001625993 -0.751 15.987913
 3.074 0.001624771 -0.751 15.987913
 3.130 0.001627215 -0.751 15.987913
 3.183 0.001627215 -0.751 15.987913
 3.239 0.001628437 -0.751 15.987913
 3.296 0.001627215 -0.751 15.987913
 3.353 0.001628437 -0.751 15.987913
 3.408 0.001630881 -0.751 15.987913
 3.462 0.001632103 -0.751 15.987913
 3.519 0.001633325 -0.751 15.987913
 3.576 0.001632103 -0.751 15.987913
 3.632 0.001633325 -0.751 15.987913
 3.687 0.001633325 -0.751 15.987913
 3.742 0.001633325 -0.751 15.987913
 3.798 0.001634547 -0.751 15.987913
 3.857 0.001636991 -0.751 15.987913
 3.910 0.001633325 -0.751 15.987913
 3.965 0.001634547 -0.751 15.987913
 4.023 0.001634547 -0.751 15.987913
 4.084 0.001635769 -0.751 15.987913
 4.135 0.001635769 -0.751 15.987913
 4.191 0.001638213 -0.751 15.987913
 4.244 0.001636991 -0.751 15.987913
 4.303 0.001638213 -0.751 15.987913
 4.358 0.001636991 -0.751 15.987913
 4.412 0.001640657 -0.751 15.987913
 4.471 0.001639435 -0.751 15.987913
 4.526 0.001640657 -0.751 15.987913
 4.584 0.001640657 -0.751 15.987913
 4.633 0.001643101 -0.751 15.987913
 4.694 0.001640657 -0.751 15.987913
 4.746 0.001641879 -0.751 15.987913
 4.811 0.001641879 -0.751 15.987913
 4.860 0.001644323 -0.751 15.987913
 4.916 0.001645545 -0.751 15.987913
 4.971 0.001641879 -0.751 15.987913
 5.028 0.001645545 -0.751 15.987913
 5.085 0.001643101 -0.751 15.987913
 5.144 0.001644323 -0.751 15.987913
 5.200 0.001644323 -0.751 15.987913
 5.251 0.001645545 -0.751 15.987913
 5.311 0.001645545 -0.751 15.987913
 5.368 0.001644323 -0.751 15.987913
 5.423 0.001647989 -0.751 15.987913
 5.475 0.001646767 -0.751 15.987913
 5.532 0.001649211 -0.751 15.987913
 5.587 0.001649211 -0.751 15.987913
 5.643 0.001649211 -0.751 15.987913
 5.694 0.001649211 -0.751 15.987913
 5.755 0.001652877 -0.751 15.987913
 5.812 0.001651655 -0.751 15.987913
 5.866 0.001651655 -0.751 15.987913
 5.923 0.001652877 -0.751 15.987913
 5.978 0.001652877 -0.751 15.987913
 6.034 0.001652877 -0.751 15.987913
 6.091 0.001652877 -0.751 15.987913
 6.148 0.001651655 -0.751 15.987913
 6.204 0.001652877 -0.751 15.987913
 6.257 0.001654099 -0.751 15.987913
 6.316 0.001655321 -0.751 15.987913
 6.371 0.001655321 -0.751 15.987913
 6.429 0.001654099 -0.751 15.987913
 6.482 0.001655321 -0.751 15.987913
 6.537 0.001654099 -0.751 15.987913
 6.593 0.001657765 -0.751 15.987913
 6.650 0.001657765 -0.751 15.987913
 6.705 0.001657765 -0.751 15.987913
 6.759 0.001657765 -0.751 15.987913
 6.818 0.001658987 -0.751 15.987913
 6.870 0.001658987 -0.751 15.987913
 6.929 0.001658987 -0.751 15.987913
 6.984 0.001658987 -0.751 15.987913
 7.039 0.001660209 -0.751 15.987913
 7.098 0.001658987 -0.751 15.987913
 7.154 0.001660209 -0.751 15.987913
 7.209 0.001661431 -0.751 15.987913
 7.264 0.001661431 -0.751 15.987913
 7.318 0.001661431 -0.751 15.987913
 7.373 0.001662653 -0.751 15.987913
 7.432 0.001662653 -0.751 15.987913
 7.488 0.001662653 -0.751 15.987913
 7.543 0.001663875 -0.751 15.987913
 7.596 0.001665097 -0.751 15.987913
 7.657 0.001663875 -0.751 15.987913
 7.713 0.001665097 -0.751 15.987913
 7.768 0.001663875 -0.751 15.987913
 7.823 0.001663875 -0.751 15.987913
 7.881 0.001666319 -0.751 15.987913
 7.938 0.001666319 -0.751 15.987913
 7.997 0.001666319 -0.751 15.987913
 8.049 0.001666319 -0.751 15.987913
 8.104 0.001666319 -0.751 15.987913
 8.161 0.001667541 -0.751 15.987913
 8.216 0.001667541 -0.751 15.987913
 8.274 0.001666319 -0.751 15.987913
 8.329 0.001667541 -0.751 15.987913
 8.384 0.001667541 -0.751 15.987913
 8.445 0.001669985 -0.751 15.987913
 8.497 0.001669985 -0.751 15.987913
 8.552 0.001671207 -0.751 15.987913
 8.611 0.001669985 -0.751 15.987913
 8.665 0.001671207 -0.751 15.987913
 8.722 0.001672429 -0.751 15.987913
 8.777 0.001673651 -0.751 15.987913
 8.831 0.001672429 -0.751 15.987913
 8.886 0.001673651 -0.751 15.987913
 8.943 0.001673651 -0.751 15.987913
 8.999 0.001672429 -0.751 15.987913
 9.056 0.001674873 -0.751 15.987913
 9.109 0.001673651 -0.751 15.987913
 9.167 0.001674873 -0.751 15.987913
 9.224 0.001673651 -0.751 15.987913
 9.279 0.001673651 -0.751 15.987913
 9.331 0.001676095 -0.751 15.987913
 9.392 0.001676095 -0.751 15.987913
 9.445 0.001676095 -0.751 15.987913
 9.502 0.001678539 -0.751 15.987913
 9.561 0.001677317 -0.751 15.987913
 9.617 0.001677317 -0.751 15.987913
 9.668 0.001678539 -0.751 15.987913
 9.724 0.001677317 -0.751 15.987913
 9.787 0.001679761 -0.751 15.987913
 9.838 0.001677317 -0.751 15.987913
 9.899 0.001679761 -0.751 15.987913
 9.953 0.001678539 -0.751 15.987913
 10.010 0.001679761 -0.751 15.987913
 10.067 0.001680983 -0.751 15.987913
 10.120 0.001679761 -0.751 15.987913
 10.180 0.001679761 -0.751 15.987913
 10.235 0.001683427 -0.751 15.987913
 10.290 0.001680983 -0.751 15.987913
 10.346 0.001682205 -0.751 15.987913
 10.401 0.001682205 -0.751 15.987913
 10.456 0.001683427 -0.751 15.987913
 10.512 0.001680983 -0.751 15.987913
 10.569 0.001680983 -0.751 15.987913
 10.622 0.001683427 -0.751 15.987913
 10.680 0.001683427 -0.751 15.987913
 10.735 0.001683427 -0.751 15.987913
 10.790 0.001682205 -0.751 15.987913
 10.847 0.001685871 -0.751 15.987913
 10.905 0.001685871 -0.751 15.987913
 10.956 0.001687093 -0.751 15.987913
 11.015 0.001688315 -0.751 15.987913
 11.076 0.001685871 -0.751 15.987913
 11.128 0.001689537 -0.751 15.987913
 11.187 0.001689537 -0.751 15.987913
 11.244 0.001689537 -0.751 15.987913
 11.301 0.001689537 -0.751 15.987913
 11.355 0.001690759 -0.751 15.987913
 11.410 0.001690759 -0.751 15.987913
 11.467 0.001690759 -0.751 15.987913
 11.526 0.001691981 -0.751 15.987913
 11.584 0.001690759 -0.751 15.987913
 11.641 0.001691981 -0.751 15.987913
 11.696 0.001693203 -0.751 15.987913
 11.751 0.001693203 -0.751 15.987913
 11.809 0.001694425 -0.751 15.987913
 11.868 0.001694425 -0.751 15.987913
   1   10 0.008 -0.000011487 -0.842 17.910511
 0.030 0.000010509 -0.842 17.910511
 0.043 0.000037393 -0.842 17.910511
 0.054 0.000067943 -0.842 17.910511
 0.065 0.000099715 -0.842 17.910511
 0.071 0.000133931 -0.842 17.910511
 0.076 0.000166925 -0.842 17.910511
 0.082 0.000199919 -0.842 17.910511
 0.085 0.000235357 -0.842 17.910511
 0.089 0.000269573 -0.842 17.910511
 0.095 0.000303789 -0.842 17.910511
 0.098 0.000339227 -0.842 17.910511
 0.100 0.000374665 -0.842 17.910511
 0.104 0.000407659 -0.842 17.910511
 0.106 0.000445541 -0.842 17.910511
 0.108 0.000479757 -0.842 17.910511
 0.113 0.000515195 -0.842 17.910511
 0.115 0.000551855 -0.842 17.910511
 0.120 0.000588515 -0.842 17.910511
 0.120 0.000623953 -0.842 17.910511
 0.122 0.000659391 -0.842 17.910511
 0.126 0.000694829 -0.842 17.910511
 0.128 0.000731489 -0.842 17.910511
 0.132 0.000769371 -0.842 17.910511
 0.132 0.000802365 -0.842 17.910511
 0.133 0.000839025 -0.842 17.910511
 0.137 0.000875685 -0.842 17.910511
 0.141 0.000912345 -0.842 17.910511
 0.141 0.000947783 -0.842 17.910511
 0.146 0.000981999 -0.842 17.910511
 0.146 0.001017437 -0.842 17.910511
 0.148 0.001055319 -0.842 17.910511
 0.152 0.001091979 -0.842 17.910511
 0.154 0.001127417 -0.842 17.910511
 0.157 0.001161633 -0.842 17.910511
 0.157 0.001199515 -0.842 17.910511
 0.163 0.001234953 -0.842 17.910511
 0.165 0.001270391 -0.842 17.910511
 0.167 0.001307051 -0.842 17.910511
 0.172 0.001342489 -0.842 17.910511
 0.176 0.001380371 -0.842 17.910511
 0.180 0.001413365 -0.842 17.910511
 0.183 0.001447581 -0.842 17.910511
 0.187 0.001483019 -0.842 17.910511
 0.191 0.001516013 -0.842 17.910511
 0.194 0.001553895 -0.842 17.910511
 0.200 0.001586889 -0.842 17.910511
 0.207 0.001622327 -0.842 17.910511
 0.209 0.001657765 -0.842 17.910511
 0.216 0.001690759 -0.842 17.910511
 0.220 0.001721309 -0.842 17.910511
 0.231 0.001751859 -0.842 17.910511
 0.242 0.001782409 -0.842 17.910511
 0.259 0.001810515 -0.842 17.910511
 0.283 0.001830067 -0.842 17.910511
 0.322 0.001843509 -0.842 17.910511
 0.370 0.001850841 -0.842 17.910511
 0.423 0.001850841 -0.842 17.910511
 0.475 0.001852063 -0.842 17.910511
 0.532 0.001852063 -0.842 17.910511
 0.584 0.001855729 -0.842 17.910511
 0.639 0.001854507 -0.842 17.910511
 0.691 0.001856951 -0.842 17.910511
 0.748 0.001858173 -0.842 17.910511
 0.801 0.001859395 -0.842 17.910511
 0.857 0.001860617 -0.842 17.910511
 0.914 0.001861839 -0.842 17.910511
 0.964 0.001861839 -0.842 17.910511
 1.021 0.001863061 -0.842 17.910511
 1.076 0.001865505 -0.842 17.910511
 1.130 0.001865505 -0.842 17.910511
 1.181 0.001865505 -0.842 17.910511
 1.240 0.001866727 -0.842 17.910511
 1.296 0.001869171 -0.842 17.910511
 1.349 0.001869171 -0.842 17.910511
 1.405 0.001869171 -0.842 17.910511
 1.460 0.001870393 -0.842 17.910511
 1.513 0.001871615 -0.842 17.910511
 1.571 0.001871615 -0.842 17.910511
 1.628 0.001874059 -0.842 17.910511
 1.681 0.001874059 -0.842 17.910511
 1.739 0.001874059 -0.842 17.910511
 1.794 0.001875281 -0.842 17.910511
 1.849 0.001876503 -0.842 17.910511
 1.905 0.001876503 -0.842 17.910511
 1.962 0.001877725 -0.842 17.910511
 2.017 0.001877725 -0.842 17.910511
 2.074 0.001878947 -0.842 17.910511
 2.128 0.001878947 -0.842 17.910511
 2.180 0.001880169 -0.842 17.910511
 2.239 0.001881391 -0.842 17.910511
 2.296 0.001880169 -0.842 17.910511
 2.351 0.001882613 -0.842 17.910511
 2.405 0.001883835 -0.842 17.910511
 2.460 0.001883835 -0.842 17.910511
 2.513 0.001885057 -0.842 17.910511
 2.573 0.001886279 -0.842 17.910511
 2.622 0.001888723 -0.842 17.910511
 2.683 0.001886279 -0.842 17.910511
 2.735 0.001888723 -0.842 17.910511
 2.792 0.001888723 -0.842 17.910511
 2.844 0.001891167 -0.842 17.910511
 2.903 0.001889945 -0.842 17.910511
 2.956 0.001889945 -0.842 17.910511
 3.015 0.001891167 -0.842 17.910511
 3.071 0.001892389 -0.842 17.910511
 3.126 0.001891167 -0.842 17.910511
 3.181 0.001892389 -0.842 17.910511
 3.239 0.001892389 -0.842 17.910511
 3.292 0.001892389 -0.842 17.910511
 3.347 0.001894833 -0.842 17.910511
 3.403 0.001896055 -0.842 17.910511
 3.460 0.001894833 -0.842 17.910511
 3.517 0.001894833 -0.842 17.910511
 3.571 0.001894833 -0.842 17.910511
 3.628 0.001896055 -0.842 17.910511
 3.681 0.001898499 -0.842 17.910511
 3.740 0.001897277 -0.842 17.910511
 3.794 0.001897277 -0.842 17.910511
 3.853 0.001899721 -0.842 17.910511
 3.912 0.001899721 -0.842 17.910511
 3.965 0.001900943 -0.842 17.910511
 4.017 0.001903387 -0.842 17.910511
 4.076 0.001902165 -0.842 17.910511
 4.130 0.001902165 -0.842 17.910511
 4.185 0.001903387 -0.842 17.910511
 4.240 0.001902165 -0.842 17.910511
 4.296 0.001902165 -0.842 17.910511
 4.355 0.001903387 -0.842 17.910511
 4.410 0.001902165 -0.842 17.910511
 4.467 0.001904609 -0.842 17.910511
 4.525 0.001904609 -0.842 17.910511
 4.580 0.001905831 -0.842 17.910511
 4.633 0.001905831 -0.842 17.910511
 4.691 0.001905831 -0.842 17.910511
 4.748 0.001907053 -0.842 17.910511
 4.805 0.001907053 -0.842 17.910511
 4.857 0.001908275 -0.842 17.910511
 4.914 0.001907053 -0.842 17.910511
 4.971 0.001908275 -0.842 17.910511
 5.026 0.001910719 -0.842 17.910511
 5.078 0.001910719 -0.842 17.910511
 5.135 0.001910719 -0.842 17.910511
 5.191 0.001910719 -0.842 17.910511
 5.244 0.001913163 -0.842 17.910511
 5.303 0.001913163 -0.842 17.910511
 5.357 0.001914385 -0.842 17.910511
 5.414 0.001915607 -0.842 17.910511
 5.471 0.001913163 -0.842 17.910511
 5.530 0.001915607 -0.842 17.910511
 5.585 0.001915607 -0.842 17.910511
 5.641 0.001915607 -0.842 17.910511
 5.694 0.001916829 -0.842 17.910511
 5.753 0.001915607 -0.842 17.910511
 5.807 0.001918051 -0.842 17.910511
 5.862 0.001916829 -0.842 17.910511
 5.918 0.001920495 -0.842 17.910511
 5.973 0.001919273 -0.842 17.910511
 6.030 0.001920495 -0.842 17.910511
 6.089 0.001921717 -0.842 17.910511
 6.148 0.001920495 -0.842 17.910511
 6.198 0.001921717 -0.842 17.910511
 6.253 0.001922939 -0.842 17.910511
 6.307 0.001924161 -0.842 17.910511
 6.364 0.001924161 -0.842 17.910511
 6.418 0.001925383 -0.842 17.910511
 6.477 0.001924161 -0.842 17.910511
 6.530 0.001925383 -0.842 17.910511
 6.587 0.001926605 -0.842 17.910511
 6.637 0.001927827 -0.842 17.910511
 6.698 0.001927827 -0.842 17.910511
 6.748 0.001929049 -0.842 17.910511
 6.807 0.001927827 -0.842 17.910511
 6.864 0.001929049 -0.842 17.910511
 6.921 0.001927827 -0.842 17.910511
 6.975 0.001931493 -0.842 17.910511
 7.034 0.001930271 -0.842 17.910511
 7.089 0.001930271 -0.842 17.910511
 7.143 0.001931493 -0.842 17.910511
 7.196 0.001932715 -0.842 17.910511
 7.253 0.001932715 -0.842 17.910511
 7.314 0.001932715 -0.842 17.910511
 7.370 0.001931493 -0.842 17.910511
 7.425 0.001935159 -0.842 17.910511
 7.477 0.001933937 -0.842 17.910511
 7.537 0.001933937 -0.842 17.910511
 7.591 0.001936381 -0.842 17.910511
 7.648 0.001937603 -0.842 17.910511
 7.702 0.001937603 -0.842 17.910511
 7.761 0.001936381 -0.842 17.910511
 7.816 0.001936381 -0.842 17.910511
 7.870 0.001938825 -0.842 17.910511
 7.925 0.001940047 -0.842 17.910511
 7.986 0.001938825 -0.842 17.910511
 8.037 0.001940047 -0.842 17.910511
 8.095 0.001940047 -0.842 17.910511
 8.154 0.001940047 -0.842 17.910511
 8.207 0.001941269 -0.842 17.910511
 8.261 0.001941269 -0.842 17.910511
 8.312 0.001941269 -0.842 17.910511
 8.375 0.001941269 -0.842 17.910511
 8.427 0.001942491 -0.842 17.910511
 8.488 0.001942491 -0.842 17.910511
 8.539 0.001943713 -0.842 17.910511
 8.595 0.001943713 -0.842 17.910511
 8.648 0.001944935 -0.842 17.910511
 8.709 0.001942491 -0.842 17.910511
 8.761 0.001946157 -0.842 17.910511
 8.818 0.001943713 -0.842 17.910511
 8.873 0.001946157 -0.842 17.910511
 8.930 0.001944935 -0.842 17.910511
 8.984 0.001946157 -0.842 17.910511
 9.039 0.001946157 -0.842 17.910511
 9.095 0.001948601 -0.842 17.910511
 9.154 0.001948601 -0.842 17.910511
 9.209 0.001947379 -0.842 17.910511
 9.263 0.001949823 -0.842 17.910511
 9.322 0.001949823 -0.842 17.910511
 9.377 0.001947379 -0.842 17.910511
 9.436 0.001948601 -0.842 17.910511
 9.489 0.001949823 -0.842 17.910511
 9.545 0.001951045 -0.842 17.910511
 9.600 0.001952267 -0.842 17.910511
 9.661 0.001952267 -0.842 17.910511
 9.715 0.001952267 -0.842 17.910511
 9.770 0.001951045 -0.842 17.910511
 9.825 0.001953489 -0.842 17.910511
 9.882 0.001953489 -0.842 17.910511
 9.938 0.001953489 -0.842 17.910511
 9.995 0.001955933 -0.842 17.910511
 10.052 0.001955933 -0.842 17.910511
 10.108 0.001954711 -0.842 17.910511
 10.163 0.001954711 -0.842 17.910511
 10.218 0.001954711 -0.842 17.910511
 10.275 0.001954711 -0.842 17.910511
 10.329 0.001957155 -0.842 17.910511
 10.384 0.001955933 -0.842 17.910511
 10.443 0.001957155 -0.842 17.910511
 10.499 0.001957155 -0.842 17.910511
 10.552 0.001958377 -0.842 17.910511
 10.611 0.001958377 -0.842 17.910511
 10.667 0.001959599 -0.842 17.910511
 10.726 0.001958377 -0.842 17.910511
 10.779 0.001959599 -0.842 17.910511
 10.834 0.001959599 -0.842 17.910511
 10.892 0.001960821 -0.842 17.910511
 10.949 0.001960821 -0.842 17.910511
 11.002 0.001960821 -0.842 17.910511
 11.058 0.001963265 -0.842 17.910511
 11.115 0.001962043 -0.842 17.910511
 11.178 0.001962043 -0.842 17.910511
 11.231 0.001962043 -0.842 17.910511
 11.287 0.001962043 -0.842 17.910511
 11.338 0.001964487 -0.842 17.910511
 11.399 0.001964487 -0.842 17.910511
 11.453 0.001964487 -0.842 17.910511
32000
