
256
   1    1 -1.500 0.000011381 0.000 0.000000
 -1.150 0.000011457 0.000 0.000000
 -0.797 0.000011344 0.000 0.000000
 -0.443 0.000011494 0.000 0.000000
 -0.093 0.000011570 0.000 0.000000
 0.260 0.000011457 0.000 0.000000
 0.613 0.000011419 0.000 0.000000
 0.963 0.000011494 0.000 0.000000
 1.305 0.000011532 0.000 0.000000
 1.659 0.000011532 0.000 0.000000
 2.019 0.000011419 0.000 0.000000
 2.362 0.000011381 0.000 0.000000
 2.711 0.000011268 0.000 0.000000
 3.069 0.000011306 0.000 0.000000
 3.411 0.000011155 0.000 0.000000
 3.757 0.000011079 0.000 0.000000
 4.096 0.000011042 0.000 0.000000
 4.420 0.000010966 0.000 0.000000
 4.758 0.000010853 0.000 0.000000
 5.089 0.000010778 0.000 0.000000
 5.421 0.000010702 0.000 0.000000
 5.756 0.000010551 0.000 0.000000
 6.072 0.000010438 0.000 0.000000
 6.385 0.000010325 0.000 0.000000
 6.705 0.000010212 0.000 0.000000
 7.022 0.000009985 0.000 0.000000
 7.331 0.000009910 0.000 0.000000
 7.618 0.000009872 0.000 0.000000
 7.920 0.000009646 0.000 0.000000
 8.222 0.000009457 0.000 0.000000
 8.502 0.000009344 0.000 0.000000
 8.796 0.000009117 0.000 0.000000
 9.072 0.000009004 0.000 0.000000
 9.348 0.000008853 0.000 0.000000
 9.614 0.000008589 0.000 0.000000
 9.871 0.000008287 0.000 0.000000
 10.114 0.000008212 0.000 0.000000
 10.376 0.000007872 0.000 0.000000
 10.615 0.000007721 0.000 0.000000
 10.847 0.000007495 0.000 0.000000
 11.068 0.000007306 0.000 0.000000
 11.285 0.000007118 0.000 0.000000
 11.509 0.000006778 0.000 0.000000
 11.719 0.000006552 0.000 0.000000
 11.911 0.000006401 0.000 0.000000
 12.102 0.000006175 0.000 0.000000
 12.293 0.000005835 0.000 0.000000
 12.470 0.000005684 0.000 0.000000
 12.643 0.000005458 0.000 0.000000
 12.805 0.000005194 0.000 0.000000
 12.956 0.000004892 0.000 0.000000
 13.111 0.000004628 0.000 0.000000
 13.258 0.000004288 0.000 0.000000
 13.372 0.000004213 0.000 0.000000
 13.497 0.000003835 0.000 0.000000
 13.626 0.000003458 0.000 0.000000
 13.722 0.000003232 0.000 0.000000
 13.825 0.000003118 0.000 0.000000
 13.920 0.000002666 0.000 0.000000
 13.990 0.000002439 0.000 0.000000
 14.071 0.000002175 0.000 0.000000
 14.141 0.000001798 0.000 0.000000
 14.189 0.000001798 0.000 0.000000
 14.244 0.000001307 0.000 0.000000
 14.281 0.000001194 0.000 0.000000
 14.307 0.000000779 0.000 0.000000
 14.340 0.000000515 0.000 0.000000
 14.347 0.000000326 0.000 0.000000
 14.366 0.000000100 0.000 0.000000
 14.344 -0.000000202 0.000 0.000000
 14.347 -0.000000541 0.000 0.000000
 14.322 -0.000000655 0.000 0.000000
 14.300 -0.000001107 0.000 0.000000
 14.266 -0.000001183 0.000 0.000000
 14.230 -0.000001673 0.000 0.000000
 14.178 -0.000001824 0.000 0.000000
 14.116 -0.000002013 0.000 0.000000
 14.053 -0.000002466 0.000 0.000000
 13.983 -0.000002730 0.000 0.000000
 13.880 -0.000002881 0.000 0.000000
 13.799 -0.000003220 0.000 0.000000
 13.689 -0.000003560 0.000 0.000000
 13.593 -0.000003786 0.000 0.000000
 13.460 -0.000004013 0.000 0.000000
 13.335 -0.000004390 0.000 0.000000
 13.195 -0.000004616 0.000 0.000000
 13.066 -0.000004994 0.000 0.000000
 12.919 -0.000005182 0.000 0.000000
 12.754 -0.000005409 0.000 0.000000
 12.580 -0.000005597 0.000 0.000000
 12.422 -0.000005861 0.000 0.000000
 12.234 -0.000006050 0.000 0.000000
 12.047 -0.000006314 0.000 0.000000
 11.859 -0.000006465 0.000 0.000000
 11.645 -0.000006729 0.000 0.000000
 11.436 -0.000007106 0.000 0.000000
 11.215 -0.000007220 0.000 0.000000
 11.005 -0.000007408 0.000 0.000000
 10.769 -0.000007672 0.000 0.000000
 10.537 -0.000007937 0.000 0.000000
 10.287 -0.000008163 0.000 0.000000
 10.037 -0.000008465 0.000 0.000000
 9.776 -0.000008502 0.000 0.000000
 9.525 -0.000008842 0.000 0.000000
 9.253 -0.000008993 0.000 0.000000
 8.980 -0.000009144 0.000 0.000000
 8.701 -0.000009257 0.000 0.000000
 8.406 -0.000009521 0.000 0.000000
 8.134 -0.000009521 0.000 0.000000
 7.832 -0.000009861 0.000 0.000000
 7.541 -0.000009936 0.000 0.000000
 7.225 -0.000010049 0.000 0.000000
 6.915 -0.000010238 0.000 0.000000
 6.599 -0.000010389 0.000 0.000000
 6.290 -0.000010502 0.000 0.000000
 5.969 -0.000010615 0.000 0.000000
 5.656 -0.000010729 0.000 0.000000
 5.318 -0.000010842 0.000 0.000000
 4.990 -0.000010804 0.000 0.000000
 4.651 -0.000011030 0.000 0.000000
 4.316 -0.000011144 0.000 0.000000
 3.989 -0.000011106 0.000 0.000000
 3.635 -0.000011219 0.000 0.000000
 3.293 -0.000011408 0.000 0.000000
 2.943 -0.000011559 0.000 0.000000
 2.608 -0.000011521 0.000 0.000000
 2.251 -0.000011521 0.000 0.000000
 1.898 -0.000011445 0.000 0.000000
 1.556 -0.000011483 0.000 0.000000
 1.202 -0.000011634 0.000 0.000000
 0.845 -0.000011559 0.000 0.000000
 0.499 -0.000011596 0.000 0.000000
 0.146 -0.000011483 0.000 0.000000
 -0.193 -0.000011445 0.000 0.000000
 -0.554 -0.000011596 0.000 0.000000
 -0.911 -0.000011559 0.000 0.000000
 -1.253 -0.000011521 0.000 0.000000
 -1.606 -0.000011521 0.000 0.000000
 -1.941 -0.000011445 0.000 0.000000
 -2.302 -0.000011483 0.000 0.000000
 -2.656 -0.000011408 0.000 0.000000
 -2.983 -0.000011294 0.000 0.000000
 -3.340 -0.000011219 0.000 0.000000
 -3.690 -0.000011257 0.000 0.000000
 -4.025 -0.000011144 0.000 0.000000
 -4.364 -0.000011144 0.000 0.000000
 -4.699 -0.000010955 0.000 0.000000
 -5.030 -0.000010917 0.000 0.000000
 -5.361 -0.000010729 0.000 0.000000
 -5.674 -0.000010653 0.000 0.000000
 -6.013 -0.000010615 0.000 0.000000
 -6.318 -0.000010540 0.000 0.000000
 -6.627 -0.000010313 0.000 0.000000
 -6.948 -0.000010238 0.000 0.000000
 -7.253 -0.000010049 0.000 0.000000
 -7.559 -0.000009936 0.000 0.000000
 -7.872 -0.000009785 0.000 0.000000
 -8.159 -0.000009559 0.000 0.000000
 -8.446 -0.000009483 0.000 0.000000
 -8.729 -0.000009257 0.000 0.000000
 -8.998 -0.000009106 0.000 0.000000
 -9.274 -0.000008955 0.000 0.000000
 -9.550 -0.000008578 0.000 0.000000
 -9.812 -0.000008502 0.000 0.000000
 -10.058 -0.000008238 0.000 0.000000
 -10.305 -0.000008050 0.000 0.000000
 -10.548 -0.000007861 0.000 0.000000
 -10.783 -0.000007597 0.000 0.000000
 -11.015 -0.000007333 0.000 0.000000
 -11.232 -0.000007069 0.000 0.000000
 -11.446 -0.000006805 0.000 0.000000
 -11.637 -0.000006691 0.000 0.000000
 -11.836 -0.000006427 0.000 0.000000
 -12.031 -0.000006314 0.000 0.000000
 -12.226 -0.000005937 0.000 0.000000
 -12.407 -0.000005710 0.000 0.000000
 -12.572 -0.000005446 0.000 0.000000
 -12.731 -0.000005333 0.000 0.000000
 -12.882 -0.000004956 0.000 0.000000
 -13.044 -0.000004729 0.000 0.000000
 -13.176 -0.000004503 0.000 0.000000
 -13.320 -0.000004277 0.000 0.000000
 -13.441 -0.000004088 0.000 0.000000
 -13.548 -0.000003748 0.000 0.000000
 -13.658 -0.000003296 0.000 0.000000
 -13.743 -0.000003145 0.000 0.000000
 -13.846 -0.000002918 0.000 0.000000
 -13.938 -0.000002730 0.000 0.000000
 -13.997 -0.000002352 0.000 0.000000
 -14.071 -0.000001937 0.000 0.000000
 -14.126 -0.000001673 0.000 0.000000
 -14.166 -0.000001447 0.000 0.000000
 -14.225 -0.000001032 0.000 0.000000
 -14.247 -0.000000692 0.000 0.000000
 -14.262 -0.000000579 0.000 0.000000
 -14.266 -0.000000353 0.000 0.000000
 -14.284 -0.000000051 0.000 0.000000
 -14.284 0.000000025 0.000 0.000000
 -14.291 0.000000364 0.000 0.000000
 -14.258 0.000000628 0.000 0.000000
 -14.236 0.000000892 0.000 0.000000
 -14.196 0.000001270 0.000 0.000000
 -14.170 0.000001496 0.000 0.000000
 -14.118 0.000001798 0.000 0.000000
 -14.052 0.000002024 0.000 0.000000
 -13.975 0.000002402 0.000 0.000000
 -13.894 0.000002590 0.000 0.000000
 -13.813 0.000002930 0.000 0.000000
 -13.732 0.000003232 0.000 0.000000
 -13.618 0.000003345 0.000 0.000000
 -13.518 0.000003722 0.000 0.000000
 -13.397 0.000003986 0.000 0.000000
 -13.268 0.000004250 0.000 0.000000
 -13.136 0.000004628 0.000 0.000000
 -12.988 0.000004741 0.000 0.000000
 -12.834 0.000004967 0.000 0.000000
 -12.683 0.000005269 0.000 0.000000
 -12.521 0.000005609 0.000 0.000000
 -12.348 0.000005684 0.000 0.000000
 -12.160 0.000006024 0.000 0.000000
 -11.976 0.000006250 0.000 0.000000
 -11.785 0.000006439 0.000 0.000000
 -11.578 0.000006627 0.000 0.000000
 -11.380 0.000006891 0.000 0.000000
 -11.174 0.000007269 0.000 0.000000
 -10.942 0.000007420 0.000 0.000000
 -10.702 0.000007684 0.000 0.000000
 -10.478 0.000007872 0.000 0.000000
 -10.228 0.000007986 0.000 0.000000
 -9.974 0.000008250 0.000 0.000000
 -9.727 0.000008401 0.000 0.000000
 -9.455 0.000008627 0.000 0.000000
 -9.189 0.000008891 0.000 0.000000
 -8.910 0.000008967 0.000 0.000000
 -8.641 0.000009155 0.000 0.000000
 -8.347 0.000009419 0.000 0.000000
 -8.063 0.000009532 0.000 0.000000
 -7.765 0.000009646 0.000 0.000000
 -7.467 0.000009910 0.000 0.000000
 -7.161 0.000010061 0.000 0.000000
 -6.848 0.000010212 0.000 0.000000
 -6.535 0.000010287 0.000 0.000000
 -6.219 0.000010513 0.000 0.000000
 -5.899 0.000010513 0.000 0.000000
 -5.575 0.000010664 0.000 0.000000
 -5.247 0.000010740 0.000 0.000000
 -4.916 0.000010853 0.000 0.000000
 -4.592 0.000010891 0.000 0.000000
 -4.249 0.000010891 0.000 0.000000
 -3.918 0.000011004 0.000 0.000000
 -3.572 0.000011193 0.000 0.000000
 -3.230 0.000011230 0.000 0.000000
 -2.884 0.000011306 0.000 0.000000
 -2.530 0.000011419 0.000 0.000000
 -2.203 0.000011419 0.000 0.000000
 -1.849 0.000011419 0.000 0.000000
   1    2 -0.944 0.000007420 0.000 0.000000
 -0.705 0.000007231 0.000 0.000000
 -0.498 0.000007306 0.000 0.000000
 -0.278 0.000007420 0.000 0.000000
 -0.053 0.000007344 0.000 0.000000
 0.186 0.000007344 0.000 0.000000
 0.411 0.000007231 0.000 0.000000
 0.621 0.000007344 0.000 0.000000
 0.860 0.000007231 0.000 0.000000
 1.084 0.000007306 0.000 0.000000
 1.294 0.000007420 0.000 0.000000
 1.526 0.000007306 0.000 0.000000
 1.758 0.000007344 0.000 0.000000
 1.986 0.000007306 0.000 0.000000
 2.204 0.000007420 0.000 0.000000
 2.432 0.000007306 0.000 0.000000
 2.660 0.000007344 0.000 0.000000
 2.885 0.000007231 0.000 0.000000
 3.102 0.000007382 0.000 0.000000
 3.334 0.000007231 0.000 0.000000
 3.554 0.000007231 0.000 0.000000
 3.786 0.000007269 0.000 0.000000
 4.000 0.000007420 0.000 0.000000
 4.235 0.000007193 0.000 0.000000
 4.456 0.000007382 0.000 0.000000
 4.674 0.000007269 0.000 0.000000
 4.902 0.000007306 0.000 0.000000
 5.126 0.000007344 0.000 0.000000
 5.343 0.000007306 0.000 0.000000
 5.568 0.000007269 0.000 0.000000
 5.811 0.000007306 0.000 0.000000
 6.024 0.000007344 0.000 0.000000
 6.260 0.000007420 0.000 0.000000
 6.474 0.000007306 0.000 0.000000
 6.720 0.000007420 0.000 0.000000
 6.934 0.000007306 0.000 0.000000
 7.151 0.000007344 0.000 0.000000
 7.383 0.000007344 0.000 0.000000
 7.611 0.000007306 0.000 0.000000
 7.825 0.000007231 0.000 0.000000
 8.060 0.000007306 0.000 0.000000
 8.281 0.000007382 0.000 0.000000
 8.502 0.000007457 0.000 0.000000
 8.726 0.000007344 0.000 0.000000
 8.966 0.000007269 0.000 0.000000
 9.175 0.000007420 0.000 0.000000
 9.411 0.000007344 0.000 0.000000
 9.636 0.000007231 0.000 0.000000
 9.856 0.000007193 0.000 0.000000
 10.085 0.000007344 0.000 0.000000
 10.302 0.000007231 0.000 0.000000
 10.530 0.000007344 0.000 0.000000
 10.751 0.000007231 0.000 0.000000
 10.976 0.000007306 0.000 0.000000
 11.211 0.000007306 0.000 0.000000
 11.439 0.000007344 0.000 0.000000
 11.649 0.000007231 0.000 0.000000
 11.877 0.000007344 0.000 0.000000
 12.113 0.000007344 0.000 0.000000
 12.323 0.000007457 0.000 0.000000
 12.558 0.000007420 0.000 0.000000
 12.787 0.000007306 0.000 0.000000
 13.015 0.000007344 0.000 0.000000
 13.232 0.000007382 0.000 0.000000
 13.468 0.000007269 0.000 0.000000
 13.685 0.000007269 0.000 0.000000
 13.869 0.000003647 0.000 0.000000
 13.946 0.000000704 0.000 0.000000
 13.931 -0.000001522 0.000 0.000000
 13.865 -0.000003107 0.000 0.000000
 13.751 -0.000004239 0.000 0.000000
 13.619 -0.000005069 0.000 0.000000
 13.457 -0.000005824 0.000 0.000000
 13.269 -0.000006276 0.000 0.000000
 13.077 -0.000006503 0.000 0.000000
 12.868 -0.000006805 0.000 0.000000
 12.661 -0.000007031 0.000 0.000000
 12.448 -0.000006956 0.000 0.000000
 12.242 -0.000007182 0.000 0.000000
 12.021 -0.000007220 0.000 0.000000
 11.800 -0.000007295 0.000 0.000000
 11.579 -0.000007295 0.000 0.000000
 11.355 -0.000007295 0.000 0.000000
 11.126 -0.000007295 0.000 0.000000
 10.902 -0.000007295 0.000 0.000000
 10.688 -0.000007371 0.000 0.000000
 10.457 -0.000007257 0.000 0.000000
 10.236 -0.000007333 0.000 0.000000
 10.011 -0.000007408 0.000 0.000000
 9.794 -0.000007408 0.000 0.000000
 9.555 -0.000007446 0.000 0.000000
 9.323 -0.000007521 0.000 0.000000
 9.109 -0.000007371 0.000 0.000000
 8.877 -0.000007408 0.000 0.000000
 8.649 -0.000007371 0.000 0.000000
 8.428 -0.000007446 0.000 0.000000
 8.222 -0.000007408 0.000 0.000000
 7.983 -0.000007371 0.000 0.000000
 7.758 -0.000007371 0.000 0.000000
 7.534 -0.000007446 0.000 0.000000
 7.305 -0.000007446 0.000 0.000000
 7.088 -0.000007484 0.000 0.000000
 6.856 -0.000007521 0.000 0.000000
 6.639 -0.000007446 0.000 0.000000
 6.407 -0.000007446 0.000 0.000000
 6.179 -0.000007446 0.000 0.000000
 5.955 -0.000007446 0.000 0.000000
 5.741 -0.000007446 0.000 0.000000
 5.505 -0.000007408 0.000 0.000000
 5.288 -0.000007371 0.000 0.000000
 5.064 -0.000007446 0.000 0.000000
 4.832 -0.000007371 0.000 0.000000
 4.604 -0.000007521 0.000 0.000000
 4.379 -0.000007371 0.000 0.000000
 4.158 -0.000007371 0.000 0.000000
 3.937 -0.000007446 0.000 0.000000
 3.713 -0.000007521 0.000 0.000000
 3.485 -0.000007446 0.000 0.000000
 3.267 -0.000007371 0.000 0.000000
 3.039 -0.000007408 0.000 0.000000
 2.807 -0.000007333 0.000 0.000000
 2.586 -0.000007559 0.000 0.000000
 2.362 -0.000007484 0.000 0.000000
 2.126 -0.000007408 0.000 0.000000
 1.902 -0.000007371 0.000 0.000000
 1.684 -0.000007408 0.000 0.000000
 1.456 -0.000007333 0.000 0.000000
 1.228 -0.000007295 0.000 0.000000
 1.003 -0.000007333 0.000 0.000000
 0.772 -0.000007408 0.000 0.000000
 0.547 -0.000007521 0.000 0.000000
 0.337 -0.000007408 0.000 0.000000
 0.109 -0.000007408 0.000 0.000000
 -0.105 -0.000007446 0.000 0.000000
 -0.344 -0.000007408 0.000 0.000000
 -0.576 -0.000007371 0.000 0.000000
 -0.797 -0.000007408 0.000 0.000000
 -1.014 -0.000007408 0.000 0.000000
 -1.238 -0.000007446 0.000 0.000000
 -1.467 -0.000007371 0.000 0.000000
 -1.676 -0.000007371 0.000 0.000000
 -1.912 -0.000007484 0.000 0.000000
 -2.144 -0.000007521 0.000 0.000000
 -2.368 -0.000007446 0.000 0.000000
 -2.600 -0.000007371 0.000 0.000000
 -2.806 -0.000007371 0.000 0.000000
 -3.046 -0.000007257 0.000 0.000000
 -3.263 -0.000007295 0.000 0.000000
 -3.487 -0.000007408 0.000 0.000000
 -3.712 -0.000007333 0.000 0.000000
 -3.944 -0.000007484 0.000 0.000000
 -4.165 -0.000007408 0.000 0.000000
 -4.386 -0.000007446 0.000 0.000000
 -4.607 -0.000007484 0.000 0.000000
 -4.842 -0.000007446 0.000 0.000000
 -5.056 -0.000007371 0.000 0.000000
 -5.291 -0.000007408 0.000 0.000000
 -5.512 -0.000007371 0.000 0.000000
 -5.733 -0.000007446 0.000 0.000000
 -5.957 -0.000007446 0.000 0.000000
 -6.171 -0.000007408 0.000 0.000000
 -6.410 -0.000007371 0.000 0.000000
 -6.642 -0.000007521 0.000 0.000000
 -6.874 -0.000007446 0.000 0.000000
 -7.088 -0.000007408 0.000 0.000000
 -7.308 -0.000007371 0.000 0.000000
 -7.544 -0.000007295 0.000 0.000000
 -7.772 -0.000007521 0.000 0.000000
 -7.989 -0.000007408 0.000 0.000000
 -8.214 -0.000007521 0.000 0.000000
 -8.439 -0.000007521 0.000 0.000000
 -8.663 -0.000007408 0.000 0.000000
 -8.902 -0.000007446 0.000 0.000000
 -9.123 -0.000007521 0.000 0.000000
 -9.329 -0.000007333 0.000 0.000000
 -9.561 -0.000007371 0.000 0.000000
 -9.797 -0.000007521 0.000 0.000000
 -10.010 -0.000007408 0.000 0.000000
 -10.250 -0.000007333 0.000 0.000000
 -10.474 -0.000007484 0.000 0.000000
 -10.688 -0.000007333 0.000 0.000000
 -10.901 -0.000007333 0.000 0.000000
 -11.137 -0.000007371 0.000 0.000000
 -11.354 -0.000007295 0.000 0.000000
 -11.586 -0.000007446 0.000 0.000000
 -11.814 -0.000007371 0.000 0.000000
 -12.028 -0.000007333 0.000 0.000000
 -12.263 -0.000007484 0.000 0.000000
 -12.499 -0.000007408 0.000 0.000000
 -12.712 -0.000007408 0.000 0.000000
 -12.948 -0.000007446 0.000 0.000000
 -13.169 -0.000007484 0.000 0.000000
 -13.397 -0.000007559 0.000 0.000000
 -13.614 -0.000007484 0.000 0.000000
 -13.806 -0.000003786 0.000 0.000000
 -13.864 -0.000000806 0.000 0.000000
 -13.868 0.000001458 0.000 0.000000
 -13.787 0.000003156 0.000 0.000000
 -13.684 0.000004175 0.000 0.000000
 -13.548 0.000005005 0.000 0.000000
 -13.364 0.000005609 0.000 0.000000
 -13.198 0.000006024 0.000 0.000000
 -13.003 0.000006439 0.000 0.000000
 -12.786 0.000006778 0.000 0.000000
 -12.587 0.000006929 0.000 0.000000
 -12.381 0.000007118 0.000 0.000000
 -12.171 0.000007193 0.000 0.000000
 -11.954 0.000007080 0.000 0.000000
 -11.729 0.000007306 0.000 0.000000
 -11.512 0.000007231 0.000 0.000000
 -11.277 0.000007231 0.000 0.000000
 -11.048 0.000007269 0.000 0.000000
 -10.831 0.000007382 0.000 0.000000
 -10.614 0.000007269 0.000 0.000000
 -10.393 0.000007306 0.000 0.000000
 -10.161 0.000007344 0.000 0.000000
 -9.948 0.000007306 0.000 0.000000
 -9.723 0.000007306 0.000 0.000000
 -9.484 0.000007382 0.000 0.000000
 -9.267 0.000007306 0.000 0.000000
 -9.042 0.000007231 0.000 0.000000
 -8.810 0.000007420 0.000 0.000000
 -8.593 0.000007269 0.000 0.000000
 -8.361 0.000007420 0.000 0.000000
 -8.140 0.000007382 0.000 0.000000
 -7.919 0.000007344 0.000 0.000000
 -7.688 0.000007382 0.000 0.000000
 -7.456 0.000007382 0.000 0.000000
 -7.238 0.000007306 0.000 0.000000
 -7.021 0.000007306 0.000 0.000000
 -6.778 0.000007457 0.000 0.000000
 -6.554 0.000007382 0.000 0.000000
 -6.326 0.000007306 0.000 0.000000
 -6.116 0.000007344 0.000 0.000000
 -5.888 0.000007269 0.000 0.000000
 -5.663 0.000007344 0.000 0.000000
 -5.438 0.000007344 0.000 0.000000
 -5.214 0.000007344 0.000 0.000000
 -4.993 0.000007344 0.000 0.000000
 -4.765 0.000007306 0.000 0.000000
 -4.533 0.000007269 0.000 0.000000
 -4.308 0.000007306 0.000 0.000000
 -4.087 0.000007382 0.000 0.000000
 -3.870 0.000007306 0.000 0.000000
 -3.635 0.000007269 0.000 0.000000
 -3.410 0.000007231 0.000 0.000000
 -3.182 0.000007382 0.000 0.000000
 -2.957 0.000007193 0.000 0.000000
 -2.740 0.000007231 0.000 0.000000
 -2.519 0.000007495 0.000 0.000000
 -2.291 0.000007306 0.000 0.000000
 -2.059 0.000007306 0.000 0.000000
 -1.846 0.000007382 0.000 0.000000
 -1.617 0.000007231 0.000 0.000000
 -1.386 0.000007231 0.000 0.000000
 -1.172 0.000007306 0.000 0.000000
   1    3 -7.007 -0.000000300 0.000 0.000000
 -6.881 0.000012301 0.000 0.000000
 -6.458 0.000013665 0.000 0.000000
 -6.042 0.000013293 0.000 0.000000
 -5.645 0.000012899 0.000 0.000000
 -5.251 0.000012513 0.000 0.000000
 -4.868 0.000012119 0.000 0.000000
 -4.500 0.000011761 0.000 0.000000
 -4.143 0.000011408 0.000 0.000000
 -3.800 0.000011065 0.000 0.000000
 -3.469 0.000010730 0.000 0.000000
 -3.127 0.000010401 0.000 0.000000
 -2.829 0.000010095 0.000 0.000000
 -2.512 0.000009793 0.000 0.000000
 -2.217 0.000009501 0.000 0.000000
 -1.923 0.000009206 0.000 0.000000
 -1.643 0.000008932 0.000 0.000000
 -1.389 0.000008670 0.000 0.000000
 -1.132 0.000008407 0.000 0.000000
 -0.852 0.000008156 0.000 0.000000
 -0.616 0.000007919 0.000 0.000000
 -0.381 0.000007667 0.000 0.000000
 -0.145 0.000007452 0.000 0.000000
 0.072 0.000007211 0.000 0.000000
 0.300 0.000007003 0.000 0.000000
 0.510 0.000006785 0.000 0.000000
 0.713 0.000006591 0.000 0.000000
 0.922 0.000006387 0.000 0.000000
 1.099 0.000006198 0.000 0.000000
 1.294 0.000006008 0.000 0.000000
 1.486 0.000005829 0.000 0.000000
 1.644 0.000005654 0.000 0.000000
 1.832 0.000005479 0.000 0.000000
 2.001 0.000005326 0.000 0.000000
 2.156 0.000005144 0.000 0.000000
 2.318 0.000004998 0.000 0.000000
 2.461 0.000004860 0.000 0.000000
 2.605 0.000004699 0.000 0.000000
 2.748 0.000004557 0.000 0.000000
 2.888 0.000004418 0.000 0.000000
 3.013 0.000004291 0.000 0.000000
 3.157 0.000004170 0.000 0.000000
 3.286 0.000004036 0.000 0.000000
 3.404 0.000003915 0.000 0.000000
 3.518 0.000003799 0.000 0.000000
 3.639 0.000003686 0.000 0.000000
 3.753 0.000003569 0.000 0.000000
 3.849 0.000003478 0.000 0.000000
 3.963 0.000003354 0.000 0.000000
 4.070 0.000003263 0.000 0.000000
 4.151 0.000003164 0.000 0.000000
 4.265 0.000003069 0.000 0.000000
 4.353 0.000002978 0.000 0.000000
 4.434 0.000002894 0.000 0.000000
 4.519 0.000002800 0.000 0.000000
 4.615 0.000002708 0.000 0.000000
 4.692 0.000002643 0.000 0.000000
 4.769 0.000002552 0.000 0.000000
 4.843 0.000002482 0.000 0.000000
 4.920 0.000002399 0.000 0.000000
 4.997 0.000002333 0.000 0.000000
 5.075 0.000002264 0.000 0.000000
 5.126 0.000002191 0.000 0.000000
 5.207 0.000002129 0.000 0.000000
 5.262 0.000002067 0.000 0.000000
 5.329 0.000002005 0.000 0.000000
 5.395 0.000001935 0.000 0.000000
 5.447 0.000001881 0.000 0.000000
 5.502 0.000001830 0.000 0.000000
 5.564 0.000001760 0.000 0.000000
 5.612 0.000001709 0.000 0.000000
 5.664 0.000001662 0.000 0.000000
 5.723 0.000001611 0.000 0.000000
 5.770 0.000001560 0.000 0.000000
 5.815 0.000001516 0.000 0.000000
 5.855 0.000001476 0.000 0.000000
 5.907 0.000001440 0.000 0.000000
 5.940 0.000001378 0.000 0.000000
 5.984 0.000001341 0.000 0.000000
 6.028 0.000001297 0.000 0.000000
 6.058 0.000001257 0.000 0.000000
 6.113 0.000001232 0.000 0.000000
 6.157 0.000001184 0.000 0.000000
 6.168 0.000001170 0.000 0.000000
 6.216 0.000001115 0.000 0.000000
 6.238 0.000001090 0.000 0.000000
 6.278 0.000001057 0.000 0.000000
 6.319 0.000001013 0.000 0.000000
 6.341 0.000000984 0.000 0.000000
 6.382 0.000000958 0.000 0.000000
 6.404 0.000000936 0.000 0.000000
 6.426 0.000000907 0.000 0.000000
 6.459 0.000000882 0.000 0.000000
 6.485 0.000000849 0.000 0.000000
 6.507 0.000000816 0.000 0.000000
 6.525 0.000000794 0.000 0.000000
 6.558 0.000000769 0.000 0.000000
 6.577 0.000000747 0.000 0.000000
 6.613 0.000000725 0.000 0.000000
 6.621 0.000000703 0.000 0.000000
 6.658 0.000000696 0.000 0.000000
 6.680 0.000000652 0.000 0.000000
 6.691 0.000000652 0.000 0.000000
 6.713 0.000000630 0.000 0.000000
 6.735 0.000000605 0.000 0.000000
 6.746 0.000000590 0.000 0.000000
 6.772 0.000000565 0.000 0.000000
 6.783 0.000000561 0.000 0.000000
 6.801 0.000000532 0.000 0.000000
 6.823 0.000000517 0.000 0.000000
 6.827 0.000000506 0.000 0.000000
 6.853 0.000000488 0.000 0.000000
 6.864 0.000000477 0.000 0.000000
 6.875 0.000000459 0.000 0.000000
 6.882 0.000000455 0.000 0.000000
 6.901 0.000000426 0.000 0.000000
 6.915 0.000000411 0.000 0.000000
 6.930 0.000000404 0.000 0.000000
 6.934 0.000000404 0.000 0.000000
 6.948 0.000000390 0.000 0.000000
 6.967 0.000000379 0.000 0.000000
 6.967 0.000000357 0.000 0.000000
 6.989 0.000000360 0.000 0.000000
 7.000 0.000000339 0.000 0.000000
 7.011 0.000000320 0.000 0.000000
 7.015 0.000000320 0.000 0.000000
 7.029 0.000000320 0.000 0.000000
 7.048 0.000000306 0.000 0.000000
 7.044 0.000000291 0.000 0.000000
 6.908 -0.000012291 0.000 0.000000
 6.477 -0.000013673 0.000 0.000000
 6.069 -0.000013312 0.000 0.000000
 5.660 -0.000012893 0.000 0.000000
 5.274 -0.000012517 0.000 0.000000
 4.891 -0.000012131 0.000 0.000000
 4.519 -0.000011777 0.000 0.000000
 4.177 -0.000011405 0.000 0.000000
 3.827 -0.000011077 0.000 0.000000
 3.492 -0.000010742 0.000 0.000000
 3.168 -0.000010414 0.000 0.000000
 2.840 -0.000010111 0.000 0.000000
 2.538 -0.000009797 0.000 0.000000
 2.248 -0.000009498 0.000 0.000000
 1.953 -0.000009218 0.000 0.000000
 1.688 -0.000008944 0.000 0.000000
 1.412 -0.000008667 0.000 0.000000
 1.147 -0.000008412 0.000 0.000000
 0.893 -0.000008146 0.000 0.000000
 0.646 -0.000007912 0.000 0.000000
 0.407 -0.000007668 0.000 0.000000
 0.160 -0.000007442 0.000 0.000000
 -0.060 -0.000007220 0.000 0.000000
 -0.278 -0.000007008 0.000 0.000000
 -0.487 -0.000006789 0.000 0.000000
 -0.705 -0.000006596 0.000 0.000000
 -0.900 -0.000006385 0.000 0.000000
 -1.087 -0.000006199 0.000 0.000000
 -1.279 -0.000006006 0.000 0.000000
 -1.452 -0.000005838 0.000 0.000000
 -1.621 -0.000005666 0.000 0.000000
 -1.802 -0.000005488 0.000 0.000000
 -1.971 -0.000005324 0.000 0.000000
 -2.129 -0.000005163 0.000 0.000000
 -2.273 -0.000005003 0.000 0.000000
 -2.435 -0.000004853 0.000 0.000000
 -2.582 -0.000004700 0.000 0.000000
 -2.729 -0.000004576 0.000 0.000000
 -2.854 -0.000004430 0.000 0.000000
 -2.998 -0.000004292 0.000 0.000000
 -3.123 -0.000004179 0.000 0.000000
 -3.256 -0.000004029 0.000 0.000000
 -3.373 -0.000003916 0.000 0.000000
 -3.495 -0.000003807 0.000 0.000000
 -3.605 -0.000003694 0.000 0.000000
 -3.716 -0.000003585 0.000 0.000000
 -3.830 -0.000003482 0.000 0.000000
 -3.933 -0.000003366 0.000 0.000000
 -4.040 -0.000003267 0.000 0.000000
 -4.124 -0.000003173 0.000 0.000000
 -4.231 -0.000003060 0.000 0.000000
 -4.316 -0.000002983 0.000 0.000000
 -4.419 -0.000002903 0.000 0.000000
 -4.507 -0.000002804 0.000 0.000000
 -4.588 -0.000002731 0.000 0.000000
 -4.662 -0.000002633 0.000 0.000000
 -4.743 -0.000002560 0.000 0.000000
 -4.816 -0.000002483 0.000 0.000000
 -4.901 -0.000002418 0.000 0.000000
 -4.971 -0.000002330 0.000 0.000000
 -5.037 -0.000002268 0.000 0.000000
 -5.107 -0.000002199 0.000 0.000000
 -5.170 -0.000002130 0.000 0.000000
 -5.243 -0.000002057 0.000 0.000000
 -5.310 -0.000002020 0.000 0.000000
 -5.361 -0.000001940 0.000 0.000000
 -5.420 -0.000001900 0.000 0.000000
 -5.475 -0.000001831 0.000 0.000000
 -5.534 -0.000001787 0.000 0.000000
 -5.589 -0.000001736 0.000 0.000000
 -5.641 -0.000001670 0.000 0.000000
 -5.685 -0.000001616 0.000 0.000000
 -5.737 -0.000001576 0.000 0.000000
 -5.781 -0.000001525 0.000 0.000000
 -5.829 -0.000001481 0.000 0.000000
 -5.873 -0.000001437 0.000 0.000000
 -5.913 -0.000001393 0.000 0.000000
 -5.957 -0.000001350 0.000 0.000000
 -5.987 -0.000001317 0.000 0.000000
 -6.038 -0.000001277 0.000 0.000000
 -6.079 -0.000001233 0.000 0.000000
 -6.105 -0.000001196 0.000 0.000000
 -6.138 -0.000001160 0.000 0.000000
 -6.193 -0.000001131 0.000 0.000000
 -6.215 -0.000001094 0.000 0.000000
 -6.256 -0.000001065 0.000 0.000000
 -6.289 -0.000001029 0.000 0.000000
 -6.315 -0.000000992 0.000 0.000000
 -6.333 -0.000000963 0.000 0.000000
 -6.366 -0.000000938 0.000 0.000000
 -6.403 -0.000000908 0.000 0.000000
 -6.432 -0.000000890 0.000 0.000000
 -6.458 -0.000000861 0.000 0.000000
 -6.473 -0.000000835 0.000 0.000000
 -6.513 -0.000000814 0.000 0.000000
 -6.532 -0.000000781 0.000 0.000000
 -6.550 -0.000000766 0.000 0.000000
 -6.580 -0.000000748 0.000 0.000000
 -6.587 -0.000000715 0.000 0.000000
 -6.627 -0.000000697 0.000 0.000000
 -6.646 -0.000000682 0.000 0.000000
 -6.664 -0.000000664 0.000 0.000000
 -6.679 -0.000000631 0.000 0.000000
 -6.701 -0.000000613 0.000 0.000000
 -6.716 -0.000000591 0.000 0.000000
 -6.734 -0.000000573 0.000 0.000000
 -6.749 -0.000000562 0.000 0.000000
 -6.756 -0.000000547 0.000 0.000000
 -6.789 -0.000000533 0.000 0.000000
 -6.804 -0.000000511 0.000 0.000000
 -6.826 -0.000000504 0.000 0.000000
 -6.837 -0.000000482 0.000 0.000000
 -6.845 -0.000000464 0.000 0.000000
 -6.863 -0.000000449 0.000 0.000000
 -6.878 -0.000000438 0.000 0.000000
 -6.889 -0.000000438 0.000 0.000000
 -6.904 -0.000000420 0.000 0.000000
 -6.915 -0.000000409 0.000 0.000000
 -6.926 -0.000000387 0.000 0.000000
 -6.926 -0.000000387 0.000 0.000000
 -6.951 -0.000000372 0.000 0.000000
 -6.948 -0.000000358 0.000 0.000000
 -6.959 -0.000000343 0.000 0.000000
 -6.977 -0.000000325 0.000 0.000000
 -6.988 -0.000000321 0.000 0.000000
 -6.996 -0.000000318 0.000 0.000000
 -7.007 -0.000000310 0.000 0.000000
32000
