
256
   1    1 0.000 -0.000000310 0.000 0.000000
 0.035 -0.000001530 0.000 0.000000
 0.076 -0.000000920 0.000 0.000000
 0.116 0.000000610 0.000 0.000000
 0.156 -0.000003360 0.000 0.000000
 0.197 -0.000000610 0.000 0.000000
 0.237 -0.000002140 0.000 0.000000
 0.277 -0.000001220 0.000 0.000000
 0.318 0.000000920 0.000 0.000000
 0.358 0.000000000 0.000 0.000000
 0.398 0.000000610 0.000 0.000000
 0.439 -0.000001530 0.000 0.000000
 0.479 0.000000310 0.000 0.000000
 0.519 -0.000000920 0.000 0.000000
 0.560 -0.000000610 0.000 0.000000
 0.600 -0.000000610 0.000 0.000000
 0.635 0.000001220 0.000 0.000000
 0.675 -0.000001220 0.000 0.000000
 0.716 0.000000610 0.000 0.000000
 0.756 -0.000001220 0.000 0.000000
 0.796 0.000000310 0.000 0.000000
 0.837 -0.000000920 0.000 0.000000
 0.877 0.000001220 0.000 0.000000
 0.917 -0.000000310 0.000 0.000000
 0.958 0.000000310 0.000 0.000000
 0.998 -0.000001830 0.000 0.000000
 1.038 0.000001830 0.000 0.000000
 1.079 -0.000001530 0.000 0.000000
 1.119 0.000000310 0.000 0.000000
 1.159 -0.000002750 0.000 0.000000
 1.200 0.000001220 0.000 0.000000
 1.235 -0.000001830 0.000 0.000000
 1.275 0.000001220 0.000 0.000000
 1.316 -0.000000920 0.000 0.000000
 1.356 0.000001220 0.000 0.000000
 1.396 -0.000001530 0.000 0.000000
 1.437 0.000001220 0.000 0.000000
 1.477 -0.000003360 0.000 0.000000
 1.517 0.000001530 0.000 0.000000
 1.558 -0.000001530 0.000 0.000000
 1.598 0.000000610 0.000 0.000000
 1.638 -0.000001830 0.000 0.000000
 1.679 0.000001830 0.000 0.000000
 1.719 -0.000000920 0.000 0.000000
 1.759 0.000000920 0.000 0.000000
 1.800 -0.000000920 0.000 0.000000
 1.840 0.000000920 0.000 0.000000
 1.875 -0.000001830 0.000 0.000000
 1.916 0.000000310 0.000 0.000000
 1.956 -0.000001830 0.000 0.000000
 1.996 0.000000310 0.000 0.000000
 2.037 0.003334530 0.000 0.000000
 2.077 0.003333920 0.000 0.000000
 2.117 0.003333010 0.000 0.000000
 2.158 0.003336370 0.000 0.000000
 2.198 0.003333010 0.000 0.000000
 2.238 0.003333620 0.000 0.000000
 2.279 0.003333310 0.000 0.000000
 2.319 0.003334530 0.000 0.000000
 2.359 0.003332390 0.000 0.000000
 2.400 0.003333310 0.000 0.000000
 2.440 0.003332090 0.000 0.000000
 2.475 0.003334840 0.000 0.000000
 2.515 0.003333310 0.000 0.000000
 2.556 0.003334230 0.000 0.000000
 2.596 0.003333920 0.000 0.000000
 2.636 0.003334530 0.000 0.000000
 2.677 0.003332390 0.000 0.000000
 2.717 0.003333920 0.000 0.000000
 2.757 0.003334530 0.000 0.000000
 2.798 0.003334230 0.000 0.000000
 2.838 0.003332700 0.000 0.000000
 2.878 0.003334530 0.000 0.000000
 2.919 0.003331780 0.000 0.000000
 2.959 0.003333620 0.000 0.000000
 2.999 0.003333010 0.000 0.000000
 3.040 0.003333310 0.000 0.000000
 3.075 0.003333010 0.000 0.000000
 3.115 0.003335140 0.000 0.000000
 3.156 0.003333310 0.000 0.000000
 3.196 0.003335140 0.000 0.000000
 3.236 0.003332700 0.000 0.000000
 3.277 0.003334840 0.000 0.000000
 3.317 0.003331780 0.000 0.000000
 3.357 0.003334230 0.000 0.000000
 3.398 0.003332090 0.000 0.000000
 3.438 0.003333010 0.000 0.000000
 3.478 0.003333010 0.000 0.000000
 3.519 0.003334530 0.000 0.000000
 3.559 0.003332700 0.000 0.000000
 3.599 0.003334230 0.000 0.000000
 3.640 0.003331170 0.000 0.000000
 3.680 0.003333920 0.000 0.000000
 3.715 0.003331480 0.000 0.000000
 3.756 0.003334840 0.000 0.000000
 3.796 0.003333920 0.000 0.000000
 3.836 0.003335750 0.000 0.000000
 3.877 0.003332390 0.000 0.000000
 3.917 0.003334530 0.000 0.000000
 3.957 0.003333010 0.000 0.000000
 3.997 0.003334840 0.000 0.000000
 4.038 0.003333310 0.000 0.000000
 4.078 0.003334230 0.000 0.000000
 4.118 0.003334530 0.000 0.000000
 4.159 0.003334840 0.000 0.000000
 4.199 0.003333620 0.000 0.000000
 4.239 0.003334840 0.000 0.000000
 4.280 0.003333010 0.000 0.000000
 4.315 0.003334230 0.000 0.000000
 4.355 0.003331780 0.000 0.000000
 4.396 0.003336060 0.000 0.000000
 4.436 0.003331480 0.000 0.000000
 4.476 0.003333620 0.000 0.000000
 4.517 0.003333010 0.000 0.000000
 4.557 0.003333620 0.000 0.000000
 4.597 0.003332390 0.000 0.000000
 4.638 0.003334530 0.000 0.000000
 4.678 0.003331780 0.000 0.000000
 4.718 0.003333920 0.000 0.000000
 4.759 0.003332700 0.000 0.000000
 4.799 0.003334530 0.000 0.000000
 4.839 0.003331780 0.000 0.000000
 4.880 0.003334530 0.000 0.000000
 4.920 0.003332700 0.000 0.000000
 4.955 0.003334530 0.000 0.000000
 4.996 0.003332090 0.000 0.000000
 5.036 0.003333310 0.000 0.000000
 5.076 0.003333310 0.000 0.000000
 5.076 0.003333310 0.000 0.000000
 5.076 0.003333310 0.000 0.000000
 5.076 0.003333310 0.000 0.000000
 5.076 0.003333310 0.000 0.000000
 5.076 0.003333310 0.000 0.000000
 5.076 0.003333310 0.000 0.000000
 5.076 0.003333310 0.000 0.000000
 5.076 0.003333310 0.000 0.000000
 5.076 0.003333310 0.000 0.000000
 5.076 0.003333310 0.000 0.000000
 5.076 0.003333310 0.000 0.000000
 5.076 0.003333310 0.000 0.000000
 5.076 0.003333310 0.000 0.000000
 5.076 0.003333310 0.000 0.000000
 5.076 0.003333310 0.000 0.000000
 5.076 0.003333310 0.000 0.000000
 5.076 0.003333310 0.000 0.000000
 5.076 0.003333310 0.000 0.000000
 5.076 0.003333310 0.000 0.000000
 5.076 0.003333310 0.000 0.000000
 5.076 0.003333310 0.000 0.000000
 5.076 0.003333310 0.000 0.000000
 5.076 0.003333310 0.000 0.000000
 5.076 0.003333310 0.000 0.000000
 5.076 0.003333310 0.000 0.000000
 5.076 0.003333310 0.000 0.000000
 5.076 0.003333310 0.000 0.000000
 5.076 0.003333310 0.000 0.000000
 5.076 0.003333310 0.000 0.000000
 5.076 0.003333310 0.000 0.000000
 5.076 0.003333310 0.000 0.000000
 5.076 0.003333310 0.000 0.000000
 5.076 0.003333310 0.000 0.000000
 5.076 0.003333310 0.000 0.000000
 5.076 0.003333310 0.000 0.000000
 5.076 0.003333310 0.000 0.000000
 5.076 0.003333310 0.000 0.000000
 5.076 0.003333310 0.000 0.000000
 5.076 0.003333310 0.000 0.000000
 5.076 0.003333310 0.000 0.000000
 5.076 0.003333310 0.000 0.000000
 5.076 0.003333310 0.000 0.000000
 5.076 0.003333310 0.000 0.000000
 5.076 0.003333310 0.000 0.000000
 5.076 0.003333310 0.000 0.000000
 5.076 0.003333310 0.000 0.000000
 5.076 0.003333310 0.000 0.000000
 5.076 0.003333310 0.000 0.000000
 5.076 0.003333310 0.000 0.000000
 5.076 0.003333310 0.000 0.000000
 5.076 0.003333310 0.000 0.000000
 5.076 0.003333310 0.000 0.000000
 5.076 0.003333310 0.000 0.000000
 5.076 0.003333310 0.000 0.000000
 5.076 0.003333310 0.000 0.000000
 5.076 0.003333310 0.000 0.000000
 5.076 0.003333310 0.000 0.000000
 5.076 0.003333310 0.000 0.000000
 5.076 0.003333310 0.000 0.000000
 5.076 0.003333310 0.000 0.000000
 5.076 0.003333310 0.000 0.000000
 5.076 0.003333310 0.000 0.000000
 5.076 0.003333310 0.000 0.000000
 5.076 0.003333310 0.000 0.000000
 5.076 0.003333310 0.000 0.000000
 5.076 0.003333310 0.000 0.000000
 5.076 0.003333310 0.000 0.000000
 5.076 0.003333310 0.000 0.000000
 5.076 0.003333310 0.000 0.000000
 5.076 0.003333310 0.000 0.000000
 5.076 0.003333310 0.000 0.000000
 5.076 0.003333310 0.000 0.000000
 5.076 0.003333310 0.000 0.000000
 5.076 0.003333310 0.000 0.000000
 5.076 0.003333310 0.000 0.000000
 5.076 0.003333310 0.000 0.000000
 5.076 0.003333310 0.000 0.000000
 5.076 0.003333310 0.000 0.000000
 5.076 0.003333310 0.000 0.000000
 5.076 0.003333310 0.000 0.000000
 5.076 0.003333310 0.000 0.000000
 5.076 0.003333310 0.000 0.000000
 5.076 0.003333310 0.000 0.000000
 5.076 0.003333310 0.000 0.000000
 5.076 0.003333310 0.000 0.000000
 5.076 0.003333310 0.000 0.000000
 5.076 0.003333310 0.000 0.000000
 5.076 0.003333310 0.000 0.000000
 5.076 0.003333310 0.000 0.000000
 5.076 0.003333310 0.000 0.000000
 5.076 0.003333310 0.000 0.000000
 5.076 0.003333310 0.000 0.000000
 5.076 0.003333310 0.000 0.000000
 5.076 0.003333310 0.000 0.000000
 5.076 0.003333310 0.000 0.000000
 5.076 0.003333310 0.000 0.000000
 5.076 0.003333310 0.000 0.000000
 5.076 0.003333310 0.000 0.000000
 5.076 0.003333310 0.000 0.000000
 5.076 0.003333310 0.000 0.000000
 5.076 0.003333310 0.000 0.000000
 5.076 0.003333310 0.000 0.000000
 5.076 0.003333310 0.000 0.000000
 5.076 0.003333310 0.000 0.000000
 5.076 0.003333310 0.000 0.000000
 5.076 0.003333310 0.000 0.000000
 5.076 0.003333310 0.000 0.000000
 5.076 0.003333310 0.000 0.000000
 5.076 0.003333310 0.000 0.000000
 5.076 0.003333310 0.000 0.000000
 5.076 0.003333310 0.000 0.000000
 5.076 0.003333310 0.000 0.000000
 5.076 0.003333310 0.000 0.000000
 5.076 0.003333310 0.000 0.000000
 5.076 0.003333310 0.000 0.000000
 5.076 0.003333310 0.000 0.000000
 5.076 0.003333310 0.000 0.000000
 5.076 0.003333310 0.000 0.000000
 5.076 0.003333310 0.000 0.000000
 5.076 0.003333310 0.000 0.000000
 5.076 0.003333310 0.000 0.000000
 5.076 0.003333310 0.000 0.000000
 5.076 0.003333310 0.000 0.000000
 5.076 0.003333310 0.000 0.000000
 5.076 0.003333310 0.000 0.000000
 5.076 0.003333310 0.000 0.000000
 5.076 0.003333310 0.000 0.000000
 5.076 0.003333310 0.000 0.000000
   1    2 5.117 0.003333920 0.000 0.000000
 5.076 0.003331480 0.000 0.000000
 5.036 0.003333620 0.000 0.000000
 4.996 0.003330560 0.000 0.000000
 4.955 0.003335140 0.000 0.000000
 4.920 0.003333310 0.000 0.000000
 4.880 0.003334230 0.000 0.000000
 4.839 0.003331170 0.000 0.000000
 4.799 0.003333620 0.000 0.000000
 4.759 0.003333310 0.000 0.000000
 4.718 0.003335140 0.000 0.000000
 4.678 0.003333310 0.000 0.000000
 4.638 0.003333010 0.000 0.000000
 4.597 0.003333310 0.000 0.000000
 4.557 0.003333310 0.000 0.000000
 4.517 0.003331170 0.000 0.000000
 4.476 0.003333920 0.000 0.000000
 4.436 0.003333010 0.000 0.000000
 4.396 0.003333620 0.000 0.000000
 4.355 0.003330870 0.000 0.000000
 4.315 0.003334530 0.000 0.000000
 4.280 0.003332700 0.000 0.000000
 4.239 0.003334840 0.000 0.000000
 4.199 0.003332700 0.000 0.000000
 4.159 0.003335450 0.000 0.000000
 4.118 0.003333310 0.000 0.000000
 4.078 0.003335450 0.000 0.000000
 4.038 0.003331780 0.000 0.000000
 3.997 0.003334530 0.000 0.000000
 3.957 0.003333620 0.000 0.000000
 3.917 0.003334230 0.000 0.000000
 3.877 0.003334230 0.000 0.000000
 3.836 0.003333310 0.000 0.000000
 3.796 0.003333310 0.000 0.000000
 3.756 0.003334530 0.000 0.000000
 3.715 0.003334530 0.000 0.000000
 3.680 0.003334230 0.000 0.000000
 3.640 0.003333310 0.000 0.000000
 3.599 0.003334530 0.000 0.000000
 3.559 0.003333010 0.000 0.000000
 3.519 0.003335760 0.000 0.000000
 3.478 0.003331170 0.000 0.000000
 3.438 0.003333920 0.000 0.000000
 3.398 0.003330870 0.000 0.000000
 3.357 0.003334840 0.000 0.000000
 3.317 0.003333010 0.000 0.000000
 3.277 0.003333920 0.000 0.000000
 3.236 0.003333010 0.000 0.000000
 3.196 0.003334840 0.000 0.000000
 3.156 0.003332390 0.000 0.000000
 3.115 0.003334230 0.000 0.000000
 3.075 0.003331780 0.000 0.000000
 3.040 0.003335750 0.000 0.000000
 2.999 0.003333920 0.000 0.000000
 2.959 0.003336370 0.000 0.000000
 2.919 0.003333920 0.000 0.000000
 2.878 0.003335140 0.000 0.000000
 2.838 0.003332390 0.000 0.000000
 2.798 0.003334530 0.000 0.000000
 2.757 0.003332700 0.000 0.000000
 2.717 0.003333920 0.000 0.000000
 2.677 0.003332090 0.000 0.000000
 2.636 0.003334230 0.000 0.000000
 2.596 0.003332090 0.000 0.000000
 2.556 0.003334230 0.000 0.000000
 2.515 0.003331780 0.000 0.000000
 2.475 0.003335450 0.000 0.000000
 2.440 0.003332700 0.000 0.000000
 2.400 0.003335450 0.000 0.000000
 2.359 0.003333310 0.000 0.000000
 2.319 0.003333920 0.000 0.000000
 2.279 0.003332390 0.000 0.000000
 2.238 0.003334840 0.000 0.000000
 2.198 0.003333010 0.000 0.000000
 2.158 0.003336060 0.000 0.000000
 2.117 0.003333010 0.000 0.000000
 2.077 0.003335140 0.000 0.000000
 2.037 0.003334530 0.000 0.000000
 1.996 0.003334530 0.000 0.000000
 1.956 0.003332700 0.000 0.000000
 1.916 0.003335760 0.000 0.000000
 1.875 0.003332090 0.000 0.000000
 1.840 0.003334530 0.000 0.000000
 1.800 0.003332390 0.000 0.000000
 1.759 0.003334230 0.000 0.000000
 1.719 0.003333920 0.000 0.000000
 1.679 0.003334840 0.000 0.000000
 1.638 0.003332700 0.000 0.000000
 1.598 0.003335750 0.000 0.000000
 1.558 0.003333010 0.000 0.000000
 1.517 0.003335140 0.000 0.000000
 1.477 0.003331170 0.000 0.000000
 1.437 0.003334530 0.000 0.000000
 1.396 0.003333620 0.000 0.000000
 1.356 0.003332700 0.000 0.000000
 1.316 -0.000001220 0.000 0.000000
 1.275 0.000000310 0.000 0.000000
 1.235 -0.000000920 0.000 0.000000
 1.200 0.000000920 0.000 0.000000
 1.159 -0.000001220 0.000 0.000000
 1.119 0.000000000 0.000 0.000000
 1.079 -0.000000610 0.000 0.000000
 1.038 0.000000920 0.000 0.000000
 0.998 -0.000001530 0.000 0.000000
 0.958 0.000000920 0.000 0.000000
 0.917 -0.000001220 0.000 0.000000
 0.877 0.000000610 0.000 0.000000
 0.837 -0.000000610 0.000 0.000000
 0.796 0.000001220 0.000 0.000000
 0.756 -0.000001220 0.000 0.000000
 0.716 0.000000610 0.000 0.000000
 0.675 -0.000000920 0.000 0.000000
 0.635 0.000000920 0.000 0.000000
 0.600 0.000000310 0.000 0.000000
 0.560 0.000001830 0.000 0.000000
 0.519 -0.000001830 0.000 0.000000
 0.479 0.000001220 0.000 0.000000
 0.439 -0.000000920 0.000 0.000000
 0.398 0.000001530 0.000 0.000000
 0.358 -0.000002750 0.000 0.000000
 0.318 0.000000610 0.000 0.000000
 0.277 -0.000001220 0.000 0.000000
 0.237 0.000000610 0.000 0.000000
 0.197 -0.000002140 0.000 0.000000
 0.156 0.000000310 0.000 0.000000
 0.116 -0.000001830 0.000 0.000000
 0.076 0.000001830 0.000 0.000000
 0.035 -0.000000920 0.000 0.000000
 0.035 -0.000000920 0.000 0.000000
 0.035 -0.000000920 0.000 0.000000
 0.035 -0.000000920 0.000 0.000000
 0.035 -0.000000920 0.000 0.000000
 0.035 -0.000000920 0.000 0.000000
 0.035 -0.000000920 0.000 0.000000
 0.035 -0.000000920 0.000 0.000000
 0.035 -0.000000920 0.000 0.000000
 0.035 -0.000000920 0.000 0.000000
 0.035 -0.000000920 0.000 0.000000
 0.035 -0.000000920 0.000 0.000000
 0.035 -0.000000920 0.000 0.000000
 0.035 -0.000000920 0.000 0.000000
 0.035 -0.000000920 0.000 0.000000
 0.035 -0.000000920 0.000 0.000000
 0.035 -0.000000920 0.000 0.000000
 0.035 -0.000000920 0.000 0.000000
 0.035 -0.000000920 0.000 0.000000
 0.035 -0.000000920 0.000 0.000000
 0.035 -0.000000920 0.000 0.000000
 0.035 -0.000000920 0.000 0.000000
 0.035 -0.000000920 0.000 0.000000
 0.035 -0.000000920 0.000 0.000000
 0.035 -0.000000920 0.000 0.000000
 0.035 -0.000000920 0.000 0.000000
 0.035 -0.000000920 0.000 0.000000
 0.035 -0.000000920 0.000 0.000000
 0.035 -0.000000920 0.000 0.000000
 0.035 -0.000000920 0.000 0.000000
 0.035 -0.000000920 0.000 0.000000
 0.035 -0.000000920 0.000 0.000000
 0.035 -0.000000920 0.000 0.000000
 0.035 -0.000000920 0.000 0.000000
 0.035 -0.000000920 0.000 0.000000
 0.035 -0.000000920 0.000 0.000000
 0.035 -0.000000920 0.000 0.000000
 0.035 -0.000000920 0.000 0.000000
 0.035 -0.000000920 0.000 0.000000
 0.035 -0.000000920 0.000 0.000000
 0.035 -0.000000920 0.000 0.000000
 0.035 -0.000000920 0.000 0.000000
 0.035 -0.000000920 0.000 0.000000
 0.035 -0.000000920 0.000 0.000000
 0.035 -0.000000920 0.000 0.000000
 0.035 -0.000000920 0.000 0.000000
 0.035 -0.000000920 0.000 0.000000
 0.035 -0.000000920 0.000 0.000000
 0.035 -0.000000920 0.000 0.000000
 0.035 -0.000000920 0.000 0.000000
 0.035 -0.000000920 0.000 0.000000
 0.035 -0.000000920 0.000 0.000000
 0.035 -0.000000920 0.000 0.000000
 0.035 -0.000000920 0.000 0.000000
 0.035 -0.000000920 0.000 0.000000
 0.035 -0.000000920 0.000 0.000000
 0.035 -0.000000920 0.000 0.000000
 0.035 -0.000000920 0.000 0.000000
 0.035 -0.000000920 0.000 0.000000
 0.035 -0.000000920 0.000 0.000000
 0.035 -0.000000920 0.000 0.000000
 0.035 -0.000000920 0.000 0.000000
 0.035 -0.000000920 0.000 0.000000
 0.035 -0.000000920 0.000 0.000000
 0.035 -0.000000920 0.000 0.000000
 0.035 -0.000000920 0.000 0.000000
 0.035 -0.000000920 0.000 0.000000
 0.035 -0.000000920 0.000 0.000000
 0.035 -0.000000920 0.000 0.000000
 0.035 -0.000000920 0.000 0.000000
 0.035 -0.000000920 0.000 0.000000
 0.035 -0.000000920 0.000 0.000000
 0.035 -0.000000920 0.000 0.000000
 0.035 -0.000000920 0.000 0.000000
 0.035 -0.000000920 0.000 0.000000
 0.035 -0.000000920 0.000 0.000000
 0.035 -0.000000920 0.000 0.000000
 0.035 -0.000000920 0.000 0.000000
 0.035 -0.000000920 0.000 0.000000
 0.035 -0.000000920 0.000 0.000000
 0.035 -0.000000920 0.000 0.000000
 0.035 -0.000000920 0.000 0.000000
 0.035 -0.000000920 0.000 0.000000
 0.035 -0.000000920 0.000 0.000000
 0.035 -0.000000920 0.000 0.000000
 0.035 -0.000000920 0.000 0.000000
 0.035 -0.000000920 0.000 0.000000
 0.035 -0.000000920 0.000 0.000000
 0.035 -0.000000920 0.000 0.000000
 0.035 -0.000000920 0.000 0.000000
 0.035 -0.000000920 0.000 0.000000
 0.035 -0.000000920 0.000 0.000000
 0.035 -0.000000920 0.000 0.000000
 0.035 -0.000000920 0.000 0.000000
 0.035 -0.000000920 0.000 0.000000
 0.035 -0.000000920 0.000 0.000000
 0.035 -0.000000920 0.000 0.000000
 0.035 -0.000000920 0.000 0.000000
 0.035 -0.000000920 0.000 0.000000
 0.035 -0.000000920 0.000 0.000000
 0.035 -0.000000920 0.000 0.000000
 0.035 -0.000000920 0.000 0.000000
 0.035 -0.000000920 0.000 0.000000
 0.035 -0.000000920 0.000 0.000000
 0.035 -0.000000920 0.000 0.000000
 0.035 -0.000000920 0.000 0.000000
 0.035 -0.000000920 0.000 0.000000
 0.035 -0.000000920 0.000 0.000000
 0.035 -0.000000920 0.000 0.000000
 0.035 -0.000000920 0.000 0.000000
 0.035 -0.000000920 0.000 0.000000
 0.035 -0.000000920 0.000 0.000000
 0.035 -0.000000920 0.000 0.000000
 0.035 -0.000000920 0.000 0.000000
 0.035 -0.000000920 0.000 0.000000
 0.035 -0.000000920 0.000 0.000000
 0.035 -0.000000920 0.000 0.000000
 0.035 -0.000000920 0.000 0.000000
 0.035 -0.000000920 0.000 0.000000
 0.035 -0.000000920 0.000 0.000000
 0.035 -0.000000920 0.000 0.000000
 0.035 -0.000000920 0.000 0.000000
 0.035 -0.000000920 0.000 0.000000
 0.035 -0.000000920 0.000 0.000000
 0.035 -0.000000920 0.000 0.000000
 0.035 -0.000000920 0.000 0.000000
 0.035 -0.000000920 0.000 0.000000
 0.035 -0.000000920 0.000 0.000000
 0.035 -0.000000920 0.000 0.000000
32000
