
256
   1    1 -0.013 0.000000489 0.000 0.000000
 0.000 0.000033471 0.000 0.000000
 0.004 0.000067674 0.000 0.000000
 0.011 0.000101878 0.000 0.000000
 0.013 0.000136081 0.000 0.000000
 0.019 0.000171506 0.000 0.000000
 0.024 0.000204488 0.000 0.000000
 0.032 0.000239913 0.000 0.000000
 0.035 0.000272895 0.000 0.000000
 0.043 0.000308319 0.000 0.000000
 0.046 0.000340080 0.000 0.000000
 0.052 0.000373062 0.000 0.000000
 0.057 0.000409708 0.000 0.000000
 0.063 0.000441468 0.000 0.000000
 0.067 0.000474450 0.000 0.000000
 0.074 0.000508654 0.000 0.000000
 0.080 0.000541635 0.000 0.000000
 0.085 0.000575839 0.000 0.000000
 0.089 0.000608821 0.000 0.000000
 0.096 0.000641802 0.000 0.000000
 0.102 0.000677227 0.000 0.000000
 0.107 0.000710209 0.000 0.000000
 0.114 0.000744412 0.000 0.000000
 0.120 0.000779837 0.000 0.000000
 0.126 0.000811598 0.000 0.000000
 0.131 0.000845801 0.000 0.000000
 0.137 0.000881226 0.000 0.000000
 0.140 0.000911765 0.000 0.000000
 0.149 0.000947190 0.000 0.000000
 0.153 0.000981393 0.000 0.000000
 0.159 0.001014375 0.000 0.000000
 0.164 0.001047357 0.000 0.000000
 0.170 0.001081560 0.000 0.000000
 0.173 0.001116985 0.000 0.000000
 0.181 0.001149967 0.000 0.000000
 0.186 0.001184170 0.000 0.000000
 0.194 0.001218374 0.000 0.000000
 0.197 0.001252577 0.000 0.000000
 0.203 0.001285559 0.000 0.000000
 0.210 0.001322205 0.000 0.000000
 0.218 0.001355187 0.000 0.000000
 0.223 0.001390612 0.000 0.000000
 0.230 0.001424815 0.000 0.000000
 0.236 0.001456576 0.000 0.000000
 0.243 0.001489557 0.000 0.000000
 0.249 0.001523761 0.000 0.000000
 0.256 0.001559186 0.000 0.000000
 0.260 0.001589724 0.000 0.000000
 0.265 0.001622706 0.000 0.000000
 0.271 0.001656910 0.000 0.000000
 0.276 0.001689891 0.000 0.000000
 0.284 0.001724095 0.000 0.000000
 0.287 0.001755855 0.000 0.000000
 0.295 0.001791280 0.000 0.000000
 0.299 0.001824262 0.000 0.000000
 0.304 0.001857244 0.000 0.000000
 0.313 0.001892669 0.000 0.000000
 0.317 0.001923207 0.000 0.000000
 0.324 0.001958632 0.000 0.000000
 0.330 0.001991614 0.000 0.000000
 0.335 0.002027039 0.000 0.000000
 0.343 0.002058799 0.000 0.000000
 0.352 0.002091781 0.000 0.000000
 0.356 0.002125985 0.000 0.000000
 0.361 0.002157745 0.000 0.000000
 0.367 0.002193170 0.000 0.000000
 0.374 0.002224930 0.000 0.000000
 0.381 0.002259133 0.000 0.000000
 0.385 0.002293337 0.000 0.000000
 0.392 0.002323875 0.000 0.000000
 0.400 0.002359300 0.000 0.000000
 0.403 0.002391061 0.000 0.000000
 0.411 0.002428929 0.000 0.000000
 0.416 0.002459467 0.000 0.000000
 0.422 0.002493671 0.000 0.000000
 0.429 0.002524209 0.000 0.000000
 0.437 0.002559634 0.000 0.000000
 0.440 0.002591395 0.000 0.000000
 0.446 0.002625598 0.000 0.000000
 0.455 0.002659801 0.000 0.000000
 0.462 0.002691562 0.000 0.000000
 0.470 0.002726987 0.000 0.000000
 0.475 0.002758747 0.000 0.000000
 0.483 0.002791729 0.000 0.000000
 0.488 0.002824710 0.000 0.000000
 0.494 0.002856471 0.000 0.000000
 0.501 0.002889453 0.000 0.000000
 0.508 0.002921213 0.000 0.000000
 0.512 0.002954195 0.000 0.000000
 0.521 0.002989620 0.000 0.000000
 0.527 0.003021380 0.000 0.000000
 0.532 0.003054362 0.000 0.000000
 0.541 0.003087343 0.000 0.000000
 0.545 0.003120325 0.000 0.000000
 0.551 0.003152086 0.000 0.000000
 0.560 0.003183846 0.000 0.000000
 0.565 0.003218049 0.000 0.000000
 0.571 0.003249810 0.000 0.000000
 0.582 0.003285235 0.000 0.000000
 0.591 0.003316995 0.000 0.000000
 0.595 0.003351198 0.000 0.000000
 0.602 0.003381737 0.000 0.000000
 0.608 0.003414719 0.000 0.000000
 0.613 0.003448922 0.000 0.000000
 0.621 0.003480682 0.000 0.000000
 0.628 0.003517329 0.000 0.000000
 0.635 0.003547868 0.000 0.000000
 0.643 0.003583292 0.000 0.000000
 0.646 0.003615053 0.000 0.000000
 0.657 0.003646813 0.000 0.000000
 0.663 0.003682238 0.000 0.000000
 0.668 0.003713998 0.000 0.000000
 0.676 0.003749423 0.000 0.000000
 0.685 0.003781183 0.000 0.000000
 0.689 0.003811722 0.000 0.000000
 0.698 0.003847147 0.000 0.000000
 0.705 0.003877686 0.000 0.000000
 0.713 0.003913111 0.000 0.000000
 0.720 0.003946092 0.000 0.000000
 0.727 0.003977853 0.000 0.000000
 0.735 0.004009613 0.000 0.000000
 0.740 0.004043817 0.000 0.000000
 0.746 0.004078020 0.000 0.000000
 0.755 0.004111002 0.000 0.000000
 0.761 0.004143984 0.000 0.000000
 0.770 0.004176965 0.000 0.000000
 0.777 0.004208725 0.000 0.000000
 0.781 0.004240486 0.000 0.000000
 0.790 0.004273468 0.000 0.000000
 0.799 0.004306450 0.000 0.000000
 0.807 0.004339431 0.000 0.000000
 0.812 0.004371191 0.000 0.000000
 0.823 0.004404173 0.000 0.000000
 0.830 0.004434712 0.000 0.000000
 0.836 0.004470137 0.000 0.000000
 0.845 0.004500676 0.000 0.000000
 0.853 0.004533658 0.000 0.000000
 0.858 0.004564196 0.000 0.000000
 0.867 0.004597178 0.000 0.000000
 0.875 0.004630160 0.000 0.000000
 0.880 0.004661920 0.000 0.000000
 0.891 0.004696124 0.000 0.000000
 0.897 0.004727884 0.000 0.000000
 0.906 0.004759644 0.000 0.000000
 0.913 0.004790183 0.000 0.000000
 0.921 0.004821943 0.000 0.000000
 0.928 0.004857368 0.000 0.000000
 0.937 0.004887907 0.000 0.000000
 0.946 0.004920889 0.000 0.000000
 0.954 0.004953871 0.000 0.000000
 0.961 0.004984409 0.000 0.000000
 0.968 0.005017391 0.000 0.000000
 0.978 0.005047930 0.000 0.000000
 0.983 0.005083355 0.000 0.000000
 0.992 0.005115115 0.000 0.000000
 1.002 0.005148097 0.000 0.000000
 1.007 0.005177414 0.000 0.000000
 1.016 0.005209174 0.000 0.000000
 1.024 0.005243378 0.000 0.000000
 1.033 0.005273916 0.000 0.000000
 1.040 0.005306898 0.000 0.000000
 1.049 0.005338659 0.000 0.000000
 1.061 0.005371640 0.000 0.000000
 1.068 0.005403400 0.000 0.000000
 1.077 0.005435161 0.000 0.000000
 1.084 0.005465699 0.000 0.000000
 1.094 0.005497460 0.000 0.000000
 1.101 0.005530442 0.000 0.000000
 1.108 0.005562202 0.000 0.000000
 1.119 0.005593962 0.000 0.000000
 1.129 0.005626944 0.000 0.000000
 1.134 0.005658704 0.000 0.000000
 1.142 0.005688021 0.000 0.000000
 1.154 0.005722225 0.000 0.000000
 1.162 0.005751542 0.000 0.000000
 1.175 0.005785746 0.000 0.000000
 1.180 0.005815063 0.000 0.000000
 1.189 0.005846823 0.000 0.000000
 1.199 0.005878583 0.000 0.000000
 1.208 0.005909122 0.000 0.000000
 1.217 0.005940882 0.000 0.000000
 1.224 0.005971421 0.000 0.000000
 1.234 0.006001960 0.000 0.000000
 1.245 0.006033720 0.000 0.000000
 1.252 0.006064259 0.000 0.000000
 1.261 0.006096019 0.000 0.000000
 1.270 0.006126557 0.000 0.000000
 1.281 0.006158318 0.000 0.000000
 1.291 0.006188856 0.000 0.000000
 1.300 0.006220617 0.000 0.000000
 1.309 0.006252377 0.000 0.000000
 1.320 0.006284137 0.000 0.000000
 1.329 0.006312233 0.000 0.000000
 1.338 0.006346436 0.000 0.000000
 1.348 0.006375753 0.000 0.000000
 1.359 0.006411179 0.000 0.000000
 1.366 0.006438053 0.000 0.000000
 1.377 0.006467370 0.000 0.000000
 1.386 0.006499130 0.000 0.000000
 1.397 0.006530890 0.000 0.000000
 1.407 0.006561429 0.000 0.000000
 1.419 0.006591968 0.000 0.000000
 1.429 0.006621285 0.000 0.000000
 1.440 0.006653045 0.000 0.000000
 1.449 0.006683584 0.000 0.000000
 1.462 0.006716566 0.000 0.000000
 1.471 0.006745883 0.000 0.000000
 1.484 0.006776422 0.000 0.000000
 1.491 0.006806960 0.000 0.000000
 1.502 0.006837499 0.000 0.000000
 1.513 0.006868038 0.000 0.000000
 1.526 0.006897355 0.000 0.000000
 1.535 0.006929115 0.000 0.000000
 1.546 0.006959654 0.000 0.000000
 1.557 0.006987750 0.000 0.000000
 1.569 0.007018288 0.000 0.000000
 1.578 0.007050049 0.000 0.000000
 1.589 0.007078144 0.000 0.000000
 1.602 0.007108683 0.000 0.000000
 1.613 0.007138000 0.000 0.000000
 1.624 0.007166096 0.000 0.000000
 1.638 0.007200299 0.000 0.000000
 1.649 0.007228395 0.000 0.000000
 1.661 0.007257712 0.000 0.000000
 1.672 0.007288251 0.000 0.000000
 1.684 0.007315125 0.000 0.000000
 1.696 0.007346885 0.000 0.000000
 1.710 0.007374980 0.000 0.000000
 1.718 0.007405519 0.000 0.000000
 1.730 0.007434837 0.000 0.000000
 1.745 0.007462932 0.000 0.000000
 1.756 0.007493471 0.000 0.000000
 1.771 0.007522788 0.000 0.000000
 1.784 0.007552105 0.000 0.000000
 1.791 0.007581423 0.000 0.000000
 1.810 0.007608296 0.000 0.000000
 1.821 0.007637614 0.000 0.000000
 1.834 0.007669374 0.000 0.000000
 1.845 0.007693805 0.000 0.000000
 1.861 0.007725565 0.000 0.000000
 1.874 0.007753661 0.000 0.000000
 1.889 0.007780535 0.000 0.000000
 1.903 0.007811074 0.000 0.000000
 1.913 0.007837947 0.000 0.000000
 1.927 0.007867265 0.000 0.000000
 1.940 0.007896582 0.000 0.000000
 1.955 0.007925900 0.000 0.000000
 1.970 0.007956438 0.000 0.000000
 1.983 0.007982090 0.000 0.000000
 1.999 0.008008964 0.000 0.000000
 2.018 0.008037060 0.000 0.000000
 2.029 0.008063935 0.000 0.000000
 2.040 0.008090808 0.000 0.000000
 2.056 0.008121347 0.000 0.000000
 2.071 0.008148221 0.000 0.000000
 2.086 0.008173874 0.000 0.000000
   1    2 -0.007 0.000001711 -0.247 5.246591
 0.000 0.000033471 -0.247 5.246591
 0.004 0.000070117 -0.247 5.246591
 0.010 0.000100656 -0.247 5.246591
 0.013 0.000134859 -0.247 5.246591
 0.022 0.000170284 -0.247 5.246591
 0.028 0.000200823 -0.247 5.246591
 0.035 0.000238691 -0.247 5.246591
 0.039 0.000270451 -0.247 5.246591
 0.045 0.000304655 -0.247 5.246591
 0.050 0.000337637 -0.247 5.246591
 0.057 0.000369397 -0.247 5.246591
 0.061 0.000404822 -0.247 5.246591
 0.068 0.000436582 -0.247 5.246591
 0.074 0.000472007 -0.247 5.246591
 0.080 0.000503767 -0.247 5.246591
 0.087 0.000537971 -0.247 5.246591
 0.092 0.000569731 -0.247 5.246591
 0.100 0.000602713 -0.247 5.246591
 0.103 0.000638138 -0.247 5.246591
 0.111 0.000668676 -0.247 5.246591
 0.118 0.000705323 -0.247 5.246591
 0.126 0.000738305 -0.247 5.246591
 0.131 0.000773730 -0.247 5.246591
 0.137 0.000805490 -0.247 5.246591
 0.142 0.000838472 -0.247 5.246591
 0.149 0.000872675 -0.247 5.246591
 0.155 0.000903214 -0.247 5.246591
 0.160 0.000939860 -0.247 5.246591
 0.166 0.000971621 -0.247 5.246591
 0.172 0.001005824 -0.247 5.246591
 0.177 0.001040027 -0.247 5.246591
 0.184 0.001070566 -0.247 5.246591
 0.190 0.001108434 -0.247 5.246591
 0.197 0.001141416 -0.247 5.246591
 0.205 0.001174398 -0.247 5.246591
 0.210 0.001206158 -0.247 5.246591
 0.218 0.001244026 -0.247 5.246591
 0.225 0.001274565 -0.247 5.246591
 0.232 0.001307547 -0.247 5.246591
 0.238 0.001342971 -0.247 5.246591
 0.245 0.001374732 -0.247 5.246591
 0.251 0.001410157 -0.247 5.246591
 0.256 0.001443138 -0.247 5.246591
 0.264 0.001476120 -0.247 5.246591
 0.267 0.001507881 -0.247 5.246591
 0.276 0.001540862 -0.247 5.246591
 0.282 0.001575066 -0.247 5.246591
 0.291 0.001606826 -0.247 5.246591
 0.293 0.001641029 -0.247 5.246591
 0.300 0.001672790 -0.247 5.246591
 0.308 0.001705772 -0.247 5.246591
 0.313 0.001738753 -0.247 5.246591
 0.319 0.001771735 -0.247 5.246591
 0.326 0.001808382 -0.247 5.246591
 0.334 0.001838920 -0.247 5.246591
 0.339 0.001873124 -0.247 5.246591
 0.346 0.001906106 -0.247 5.246591
 0.356 0.001937866 -0.247 5.246591
 0.363 0.001973291 -0.247 5.246591
 0.367 0.002005051 -0.247 5.246591
 0.376 0.002040476 -0.247 5.246591
 0.380 0.002072236 -0.247 5.246591
 0.389 0.002103996 -0.247 5.246591
 0.392 0.002136978 -0.247 5.246591
 0.402 0.002169960 -0.247 5.246591
 0.405 0.002202942 -0.247 5.246591
 0.413 0.002234702 -0.247 5.246591
 0.418 0.002270127 -0.247 5.246591
 0.427 0.002301887 -0.247 5.246591
 0.433 0.002334869 -0.247 5.246591
 0.442 0.002366630 -0.247 5.246591
 0.446 0.002400833 -0.247 5.246591
 0.457 0.002433815 -0.247 5.246591
 0.462 0.002466797 -0.247 5.246591
 0.470 0.002501000 -0.247 5.246591
 0.479 0.002532760 -0.247 5.246591
 0.484 0.002565742 -0.247 5.246591
 0.490 0.002599946 -0.247 5.246591
 0.497 0.002631706 -0.247 5.246591
 0.505 0.002665909 -0.247 5.246591
 0.514 0.002697669 -0.247 5.246591
 0.519 0.002731873 -0.247 5.246591
 0.523 0.002762411 -0.247 5.246591
 0.534 0.002794172 -0.247 5.246591
 0.540 0.002825932 -0.247 5.246591
 0.545 0.002858914 -0.247 5.246591
 0.554 0.002890674 -0.247 5.246591
 0.564 0.002923656 -0.247 5.246591
 0.569 0.002954195 -0.247 5.246591
 0.575 0.002988398 -0.247 5.246591
 0.586 0.003021380 -0.247 5.246591
 0.595 0.003054362 -0.247 5.246591
 0.600 0.003086122 -0.247 5.246591
 0.606 0.003117882 -0.247 5.246591
 0.613 0.003149643 -0.247 5.246591
 0.621 0.003181403 -0.247 5.246591
 0.628 0.003216828 -0.247 5.246591
 0.634 0.003247367 -0.247 5.246591
 0.641 0.003281570 -0.247 5.246591
 0.650 0.003313330 -0.247 5.246591
 0.659 0.003343869 -0.247 5.246591
 0.663 0.003376851 -0.247 5.246591
 0.672 0.003409832 -0.247 5.246591
 0.681 0.003442814 -0.247 5.246591
 0.689 0.003474575 -0.247 5.246591
 0.694 0.003507556 -0.247 5.246591
 0.705 0.003541760 -0.247 5.246591
 0.713 0.003572298 -0.247 5.246591
 0.718 0.003607723 -0.247 5.246591
 0.726 0.003638262 -0.247 5.246591
 0.737 0.003671244 -0.247 5.246591
 0.744 0.003703004 -0.247 5.246591
 0.749 0.003734764 -0.247 5.246591
 0.757 0.003767746 -0.247 5.246591
 0.768 0.003801950 -0.247 5.246591
 0.773 0.003833710 -0.247 5.246591
 0.781 0.003864249 -0.247 5.246591
 0.788 0.003897231 -0.247 5.246591
 0.797 0.003930212 -0.247 5.246591
 0.807 0.003961972 -0.247 5.246591
 0.814 0.003996176 -0.247 5.246591
 0.825 0.004026715 -0.247 5.246591
 0.834 0.004060918 -0.247 5.246591
 0.840 0.004091457 -0.247 5.246591
 0.847 0.004121996 -0.247 5.246591
 0.856 0.004157421 -0.247 5.246591
 0.864 0.004186738 -0.247 5.246591
 0.871 0.004219720 -0.247 5.246591
 0.880 0.004251480 -0.247 5.246591
 0.889 0.004283240 -0.247 5.246591
 0.897 0.004313779 -0.247 5.246591
 0.906 0.004345539 -0.247 5.246591
 0.913 0.004379742 -0.247 5.246591
 0.922 0.004411503 -0.247 5.246591
 0.932 0.004443263 -0.247 5.246591
 0.939 0.004475023 -0.247 5.246591
 0.950 0.004506784 -0.247 5.246591
 0.959 0.004538544 -0.247 5.246591
 0.968 0.004567861 -0.247 5.246591
 0.976 0.004600843 -0.247 5.246591
 0.981 0.004631381 -0.247 5.246591
 0.992 0.004663142 -0.247 5.246591
 1.002 0.004696124 -0.247 5.246591
 1.009 0.004726662 -0.247 5.246591
 1.016 0.004758423 -0.247 5.246591
 1.026 0.004790183 -0.247 5.246591
 1.037 0.004819500 -0.247 5.246591
 1.046 0.004852482 -0.247 5.246591
 1.057 0.004883021 -0.247 5.246591
 1.068 0.004914781 -0.247 5.246591
 1.075 0.004946541 -0.247 5.246591
 1.086 0.004975858 -0.247 5.246591
 1.094 0.005010062 -0.247 5.246591
 1.099 0.005038158 -0.247 5.246591
 1.112 0.005073582 -0.247 5.246591
 1.121 0.005102899 -0.247 5.246591
 1.130 0.005133438 -0.247 5.246591
 1.142 0.005165198 -0.247 5.246591
 1.151 0.005195737 -0.247 5.246591
 1.162 0.005228719 -0.247 5.246591
 1.173 0.005259258 -0.247 5.246591
 1.182 0.005289796 -0.247 5.246591
 1.191 0.005321557 -0.247 5.246591
 1.202 0.005350874 -0.247 5.246591
 1.210 0.005381413 -0.247 5.246591
 1.221 0.005413173 -0.247 5.246591
 1.230 0.005442490 -0.247 5.246591
 1.241 0.005474250 -0.247 5.246591
 1.250 0.005504789 -0.247 5.246591
 1.261 0.005536549 -0.247 5.246591
 1.272 0.005568310 -0.247 5.246591
 1.281 0.005596405 -0.247 5.246591
 1.294 0.005628165 -0.247 5.246591
 1.303 0.005658704 -0.247 5.246591
 1.315 0.005689243 -0.247 5.246591
 1.326 0.005719782 -0.247 5.246591
 1.335 0.005749099 -0.247 5.246591
 1.346 0.005780859 -0.247 5.246591
 1.357 0.005810176 -0.247 5.246591
 1.368 0.005838272 -0.247 5.246591
 1.377 0.005870032 -0.247 5.246591
 1.388 0.005899349 -0.247 5.246591
 1.399 0.005928667 -0.247 5.246591
 1.412 0.005960427 -0.247 5.246591
 1.421 0.005988522 -0.247 5.246591
 1.436 0.006019061 -0.247 5.246591
 1.449 0.006048379 -0.247 5.246591
 1.456 0.006078917 -0.247 5.246591
 1.469 0.006109456 -0.247 5.246591
 1.480 0.006137551 -0.247 5.246591
 1.493 0.006169312 -0.247 5.246591
 1.504 0.006197407 -0.247 5.246591
 1.515 0.006225503 -0.247 5.246591
 1.530 0.006257263 -0.247 5.246591
 1.541 0.006286581 -0.247 5.246591
 1.552 0.006315898 -0.247 5.246591
 1.563 0.006346436 -0.247 5.246591
 1.574 0.006372089 -0.247 5.246591
 1.589 0.006403849 -0.247 5.246591
 1.600 0.006431945 -0.247 5.246591
 1.613 0.006460040 -0.247 5.246591
 1.627 0.006490579 -0.247 5.246591
 1.640 0.006519896 -0.247 5.246591
 1.655 0.006547992 -0.247 5.246591
 1.666 0.006577309 -0.247 5.246591
 1.679 0.006604183 -0.247 5.246591
 1.694 0.006634722 -0.247 5.246591
 1.705 0.006662818 -0.247 5.246591
 1.721 0.006692135 -0.247 5.246591
 1.734 0.006722673 -0.247 5.246591
 1.745 0.006749548 -0.247 5.246591
 1.765 0.006775200 -0.247 5.246591
 1.778 0.006805739 -0.247 5.246591
 1.791 0.006833835 -0.247 5.246591
 1.806 0.006860708 -0.247 5.246591
 1.821 0.006888804 -0.247 5.246591
 1.834 0.006916900 -0.247 5.246591
 1.848 0.006944995 -0.247 5.246591
 1.863 0.006971870 -0.247 5.246591
 1.881 0.006998743 -0.247 5.246591
 1.896 0.007026839 -0.247 5.246591
 1.909 0.007052492 -0.247 5.246591
 1.922 0.007081809 -0.247 5.246591
 1.938 0.007108683 -0.247 5.246591
 1.953 0.007134336 -0.247 5.246591
 1.973 0.007161209 -0.247 5.246591
 1.988 0.007190527 -0.247 5.246591
 2.005 0.007216179 -0.247 5.246591
 2.021 0.007243054 -0.247 5.246591
 2.038 0.007271149 -0.247 5.246591
 2.053 0.007294358 -0.247 5.246591
 2.069 0.007318790 -0.247 5.246591
 2.089 0.007348107 -0.247 5.246591
 2.108 0.007374980 -0.247 5.246591
 2.126 0.007398190 -0.247 5.246591
 2.143 0.007425064 -0.247 5.246591
 2.159 0.007450717 -0.247 5.246591
 2.178 0.007476369 -0.247 5.246591
 2.194 0.007502022 -0.247 5.246591
 2.213 0.007526453 -0.247 5.246591
 2.235 0.007549662 -0.247 5.246591
 2.253 0.007578979 -0.247 5.246591
 2.270 0.007600967 -0.247 5.246591
 2.290 0.007625398 -0.247 5.246591
 2.308 0.007649829 -0.247 5.246591
 2.329 0.007675481 -0.247 5.246591
 2.353 0.007697470 -0.247 5.246591
 2.371 0.007723122 -0.247 5.246591
 2.391 0.007746331 -0.247 5.246591
 2.410 0.007768319 -0.247 5.246591
 2.432 0.007791529 -0.247 5.246591
 2.454 0.007818403 -0.247 5.246591
 2.476 0.007840391 -0.247 5.246591
 2.500 0.007864822 -0.247 5.246591
 2.520 0.007888031 -0.247 5.246591
   1    3 -0.003 0.000001711 -0.498 10.598114
 0.000 0.000034692 -0.498 10.598114
 0.004 0.000068896 -0.498 10.598114
 0.013 0.000100656 -0.498 10.598114
 0.019 0.000132416 -0.498 10.598114
 0.022 0.000167841 -0.498 10.598114
 0.030 0.000199602 -0.498 10.598114
 0.037 0.000235027 -0.498 10.598114
 0.043 0.000266787 -0.498 10.598114
 0.050 0.000300990 -0.498 10.598114
 0.056 0.000335194 -0.498 10.598114
 0.065 0.000365732 -0.498 10.598114
 0.068 0.000399936 -0.498 10.598114
 0.078 0.000432917 -0.498 10.598114
 0.080 0.000465899 -0.498 10.598114
 0.087 0.000497660 -0.498 10.598114
 0.094 0.000530641 -0.498 10.598114
 0.100 0.000563623 -0.498 10.598114
 0.109 0.000599048 -0.498 10.598114
 0.114 0.000630808 -0.498 10.598114
 0.124 0.000663790 -0.498 10.598114
 0.129 0.000697994 -0.498 10.598114
 0.137 0.000729754 -0.498 10.598114
 0.142 0.000763957 -0.498 10.598114
 0.149 0.000796939 -0.498 10.598114
 0.155 0.000828699 -0.498 10.598114
 0.164 0.000864124 -0.498 10.598114
 0.166 0.000894663 -0.498 10.598114
 0.175 0.000930088 -0.498 10.598114
 0.183 0.000963070 -0.498 10.598114
 0.188 0.000994830 -0.498 10.598114
 0.195 0.001026590 -0.498 10.598114
 0.201 0.001058351 -0.498 10.598114
 0.208 0.001094997 -0.498 10.598114
 0.216 0.001127979 -0.498 10.598114
 0.225 0.001160961 -0.498 10.598114
 0.230 0.001193943 -0.498 10.598114
 0.238 0.001225703 -0.498 10.598114
 0.245 0.001261128 -0.498 10.598114
 0.251 0.001294110 -0.498 10.598114
 0.258 0.001329534 -0.498 10.598114
 0.265 0.001361295 -0.498 10.598114
 0.271 0.001394277 -0.498 10.598114
 0.278 0.001427258 -0.498 10.598114
 0.287 0.001460240 -0.498 10.598114
 0.295 0.001492001 -0.498 10.598114
 0.300 0.001524982 -0.498 10.598114
 0.308 0.001559186 -0.498 10.598114
 0.313 0.001588503 -0.498 10.598114
 0.319 0.001622706 -0.498 10.598114
 0.330 0.001655688 -0.498 10.598114
 0.335 0.001687448 -0.498 10.598114
 0.343 0.001721652 -0.498 10.598114
 0.350 0.001753412 -0.498 10.598114
 0.357 0.001786394 -0.498 10.598114
 0.365 0.001818154 -0.498 10.598114
 0.374 0.001851136 -0.498 10.598114
 0.380 0.001885339 -0.498 10.598114
 0.387 0.001915878 -0.498 10.598114
 0.392 0.001951303 -0.498 10.598114
 0.403 0.001985506 -0.498 10.598114
 0.407 0.002014823 -0.498 10.598114
 0.418 0.002049027 -0.498 10.598114
 0.422 0.002079566 -0.498 10.598114
 0.431 0.002113769 -0.498 10.598114
 0.438 0.002145529 -0.498 10.598114
 0.446 0.002178511 -0.498 10.598114
 0.453 0.002210271 -0.498 10.598114
 0.462 0.002242032 -0.498 10.598114
 0.472 0.002275013 -0.498 10.598114
 0.479 0.002306774 -0.498 10.598114
 0.486 0.002339755 -0.498 10.598114
 0.492 0.002372737 -0.498 10.598114
 0.503 0.002405719 -0.498 10.598114
 0.507 0.002437479 -0.498 10.598114
 0.514 0.002469240 -0.498 10.598114
 0.523 0.002502222 -0.498 10.598114
 0.530 0.002535203 -0.498 10.598114
 0.540 0.002565742 -0.498 10.598114
 0.547 0.002599946 -0.498 10.598114
 0.553 0.002630484 -0.498 10.598114
 0.562 0.002665909 -0.498 10.598114
 0.567 0.002695226 -0.498 10.598114
 0.578 0.002729430 -0.498 10.598114
 0.588 0.002758747 -0.498 10.598114
 0.597 0.002790507 -0.498 10.598114
 0.606 0.002824710 -0.498 10.598114
 0.611 0.002854028 -0.498 10.598114
 0.619 0.002888231 -0.498 10.598114
 0.626 0.002918770 -0.498 10.598114
 0.637 0.002949308 -0.498 10.598114
 0.641 0.002982290 -0.498 10.598114
 0.650 0.003014051 -0.498 10.598114
 0.659 0.003045811 -0.498 10.598114
 0.668 0.003077571 -0.498 10.598114
 0.672 0.003106888 -0.498 10.598114
 0.683 0.003141092 -0.498 10.598114
 0.692 0.003171630 -0.498 10.598114
 0.702 0.003204612 -0.498 10.598114
 0.709 0.003237594 -0.498 10.598114
 0.718 0.003268133 -0.498 10.598114
 0.727 0.003298671 -0.498 10.598114
 0.733 0.003331653 -0.498 10.598114
 0.742 0.003362192 -0.498 10.598114
 0.753 0.003395174 -0.498 10.598114
 0.762 0.003426934 -0.498 10.598114
 0.768 0.003458694 -0.498 10.598114
 0.777 0.003491676 -0.498 10.598114
 0.788 0.003522215 -0.498 10.598114
 0.795 0.003555197 -0.498 10.598114
 0.805 0.003586957 -0.498 10.598114
 0.812 0.003617496 -0.498 10.598114
 0.821 0.003648035 -0.498 10.598114
 0.832 0.003681016 -0.498 10.598114
 0.841 0.003712777 -0.498 10.598114
 0.851 0.003744537 -0.498 10.598114
 0.858 0.003775076 -0.498 10.598114
 0.869 0.003806836 -0.498 10.598114
 0.876 0.003838596 -0.498 10.598114
 0.886 0.003870356 -0.498 10.598114
 0.897 0.003903338 -0.498 10.598114
 0.906 0.003933877 -0.498 10.598114
 0.919 0.003966859 -0.498 10.598114
 0.924 0.003997398 -0.498 10.598114
 0.934 0.004026715 -0.498 10.598114
 0.945 0.004060918 -0.498 10.598114
 0.954 0.004091457 -0.498 10.598114
 0.961 0.004120774 -0.498 10.598114
 0.972 0.004153756 -0.498 10.598114
 0.980 0.004183073 -0.498 10.598114
 0.991 0.004217276 -0.498 10.598114
 1.002 0.004245372 -0.498 10.598114
 1.011 0.004275911 -0.498 10.598114
 1.022 0.004307671 -0.498 10.598114
 1.031 0.004338210 -0.498 10.598114
 1.042 0.004371191 -0.498 10.598114
 1.053 0.004400509 -0.498 10.598114
 1.062 0.004428604 -0.498 10.598114
 1.073 0.004461586 -0.498 10.598114
 1.083 0.004489682 -0.498 10.598114
 1.094 0.004521442 -0.498 10.598114
 1.103 0.004551981 -0.498 10.598114
 1.114 0.004582520 -0.498 10.598114
 1.125 0.004613058 -0.498 10.598114
 1.132 0.004641154 -0.498 10.598114
 1.143 0.004674136 -0.498 10.598114
 1.156 0.004704674 -0.498 10.598114
 1.167 0.004735213 -0.498 10.598114
 1.178 0.004765752 -0.498 10.598114
 1.193 0.004795069 -0.498 10.598114
 1.202 0.004823165 -0.498 10.598114
 1.211 0.004854925 -0.498 10.598114
 1.222 0.004884242 -0.498 10.598114
 1.235 0.004917224 -0.498 10.598114
 1.245 0.004946541 -0.498 10.598114
 1.257 0.004973415 -0.498 10.598114
 1.270 0.005007619 -0.498 10.598114
 1.280 0.005034493 -0.498 10.598114
 1.292 0.005063810 -0.498 10.598114
 1.305 0.005094348 -0.498 10.598114
 1.315 0.005124887 -0.498 10.598114
 1.327 0.005154205 -0.498 10.598114
 1.340 0.005182300 -0.498 10.598114
 1.351 0.005211617 -0.498 10.598114
 1.364 0.005243378 -0.498 10.598114
 1.377 0.005272695 -0.498 10.598114
 1.388 0.005300791 -0.498 10.598114
 1.401 0.005331329 -0.498 10.598114
 1.416 0.005358203 -0.498 10.598114
 1.427 0.005387520 -0.498 10.598114
 1.442 0.005419281 -0.498 10.598114
 1.453 0.005446155 -0.498 10.598114
 1.465 0.005476694 -0.498 10.598114
 1.478 0.005503567 -0.498 10.598114
 1.489 0.005532885 -0.498 10.598114
 1.504 0.005560980 -0.498 10.598114
 1.517 0.005590297 -0.498 10.598114
 1.532 0.005618393 -0.498 10.598114
 1.546 0.005647711 -0.498 10.598114
 1.559 0.005675806 -0.498 10.598114
 1.574 0.005703901 -0.498 10.598114
 1.587 0.005729554 -0.498 10.598114
 1.600 0.005757650 -0.498 10.598114
 1.615 0.005784524 -0.498 10.598114
 1.631 0.005812619 -0.498 10.598114
 1.646 0.005839494 -0.498 10.598114
 1.664 0.005870032 -0.498 10.598114
 1.675 0.005894463 -0.498 10.598114
 1.690 0.005922559 -0.498 10.598114
 1.707 0.005951876 -0.498 10.598114
 1.721 0.005978750 -0.498 10.598114
 1.736 0.006005624 -0.498 10.598114
 1.751 0.006033720 -0.498 10.598114
 1.767 0.006060594 -0.498 10.598114
 1.786 0.006087468 -0.498 10.598114
 1.800 0.006114342 -0.498 10.598114
 1.817 0.006137551 -0.498 10.598114
 1.832 0.006164426 -0.498 10.598114
 1.848 0.006192521 -0.498 10.598114
 1.867 0.006219395 -0.498 10.598114
 1.885 0.006245048 -0.498 10.598114
 1.902 0.006270700 -0.498 10.598114
 1.924 0.006297574 -0.498 10.598114
 1.937 0.006324449 -0.498 10.598114
 1.953 0.006348880 -0.498 10.598114
 1.972 0.006373310 -0.498 10.598114
 1.988 0.006397741 -0.498 10.598114
 2.014 0.006423394 -0.498 10.598114
 2.032 0.006450268 -0.498 10.598114
 2.049 0.006473477 -0.498 10.598114
 2.069 0.006499130 -0.498 10.598114
 2.088 0.006523561 -0.498 10.598114
 2.111 0.006546770 -0.498 10.598114
 2.134 0.006572423 -0.498 10.598114
 2.150 0.006595633 -0.498 10.598114
 2.176 0.006620063 -0.498 10.598114
 2.191 0.006643273 -0.498 10.598114
 2.213 0.006666482 -0.498 10.598114
 2.237 0.006689691 -0.498 10.598114
 2.255 0.006711680 -0.498 10.598114
 2.277 0.006734889 -0.498 10.598114
 2.299 0.006758098 -0.498 10.598114
 2.321 0.006778865 -0.498 10.598114
 2.345 0.006802074 -0.498 10.598114
 2.371 0.006824062 -0.498 10.598114
 2.391 0.006846050 -0.498 10.598114
 2.415 0.006868038 -0.498 10.598114
 2.439 0.006890026 -0.498 10.598114
 2.465 0.006910792 -0.498 10.598114
 2.491 0.006930337 -0.498 10.598114
 2.515 0.006952325 -0.498 10.598114
 2.540 0.006973091 -0.498 10.598114
 2.568 0.006991414 -0.498 10.598114
 2.596 0.007010959 -0.498 10.598114
 2.621 0.007034169 -0.498 10.598114
 2.653 0.007050049 -0.498 10.598114
 2.677 0.007070815 -0.498 10.598114
 2.704 0.007087917 -0.498 10.598114
 2.735 0.007106240 -0.498 10.598114
 2.759 0.007124563 -0.498 10.598114
 2.787 0.007142887 -0.498 10.598114
 2.820 0.007159988 -0.498 10.598114
 2.853 0.007177090 -0.498 10.598114
 2.877 0.007197856 -0.498 10.598114
 2.910 0.007212515 -0.498 10.598114
 2.943 0.007230838 -0.498 10.598114
 2.977 0.007245496 -0.498 10.598114
 3.006 0.007263820 -0.498 10.598114
 3.037 0.007278478 -0.498 10.598114
 3.074 0.007295580 -0.498 10.598114
 3.105 0.007309017 -0.498 10.598114
 3.135 0.007323676 -0.498 10.598114
 3.170 0.007339556 -0.498 10.598114
 3.207 0.007355436 -0.498 10.598114
 3.238 0.007368873 -0.498 10.598114
 3.277 0.007381089 -0.498 10.598114
   1    4 -0.009 0.000000489 -0.750 15.949636
 0.000 0.000034692 -0.750 15.949636
 0.008 0.000067674 -0.750 15.949636
 0.015 0.000100656 -0.750 15.949636
 0.022 0.000131195 -0.750 15.949636
 0.026 0.000165398 -0.750 15.949636
 0.033 0.000198380 -0.750 15.949636
 0.045 0.000235027 -0.750 15.949636
 0.048 0.000265565 -0.750 15.949636
 0.056 0.000297326 -0.750 15.949636
 0.059 0.000330307 -0.750 15.949636
 0.067 0.000362068 -0.750 15.949636
 0.076 0.000396271 -0.750 15.949636
 0.080 0.000429253 -0.750 15.949636
 0.091 0.000462235 -0.750 15.949636
 0.096 0.000492773 -0.750 15.949636
 0.103 0.000525755 -0.750 15.949636
 0.113 0.000558737 -0.750 15.949636
 0.118 0.000591719 -0.750 15.949636
 0.126 0.000624701 -0.750 15.949636
 0.135 0.000657682 -0.750 15.949636
 0.140 0.000689443 -0.750 15.949636
 0.148 0.000722425 -0.750 15.949636
 0.155 0.000752963 -0.750 15.949636
 0.162 0.000788388 -0.750 15.949636
 0.168 0.000818927 -0.750 15.949636
 0.175 0.000854352 -0.750 15.949636
 0.183 0.000884891 -0.750 15.949636
 0.192 0.000917872 -0.750 15.949636
 0.197 0.000952076 -0.750 15.949636
 0.205 0.000982615 -0.750 15.949636
 0.214 0.001016818 -0.750 15.949636
 0.221 0.001049800 -0.750 15.949636
 0.232 0.001081560 -0.750 15.949636
 0.238 0.001113320 -0.750 15.949636
 0.245 0.001146302 -0.750 15.949636
 0.251 0.001180505 -0.750 15.949636
 0.260 0.001213487 -0.750 15.949636
 0.269 0.001246469 -0.750 15.949636
 0.276 0.001278229 -0.750 15.949636
 0.282 0.001311211 -0.750 15.949636
 0.291 0.001345415 -0.750 15.949636
 0.299 0.001375953 -0.750 15.949636
 0.306 0.001410157 -0.750 15.949636
 0.313 0.001441917 -0.750 15.949636
 0.322 0.001474899 -0.750 15.949636
 0.330 0.001509102 -0.750 15.949636
 0.335 0.001538419 -0.750 15.949636
 0.346 0.001570180 -0.750 15.949636
 0.356 0.001601940 -0.750 15.949636
 0.361 0.001636143 -0.750 15.949636
 0.370 0.001666682 -0.750 15.949636
 0.378 0.001699664 -0.750 15.949636
 0.385 0.001731424 -0.750 15.949636
 0.394 0.001761963 -0.750 15.949636
 0.402 0.001797388 -0.750 15.949636
 0.407 0.001825483 -0.750 15.949636
 0.416 0.001858465 -0.750 15.949636
 0.426 0.001890225 -0.750 15.949636
 0.433 0.001921986 -0.750 15.949636
 0.440 0.001956189 -0.750 15.949636
 0.449 0.001986728 -0.750 15.949636
 0.459 0.002019710 -0.750 15.949636
 0.468 0.002052692 -0.750 15.949636
 0.475 0.002082009 -0.750 15.949636
 0.484 0.002116212 -0.750 15.949636
 0.490 0.002146751 -0.750 15.949636
 0.501 0.002179733 -0.750 15.949636
 0.508 0.002211493 -0.750 15.949636
 0.516 0.002242032 -0.750 15.949636
 0.525 0.002275013 -0.750 15.949636
 0.532 0.002305552 -0.750 15.949636
 0.541 0.002338534 -0.750 15.949636
 0.551 0.002370294 -0.750 15.949636
 0.558 0.002400833 -0.750 15.949636
 0.569 0.002433815 -0.750 15.949636
 0.580 0.002465575 -0.750 15.949636
 0.589 0.002498557 -0.750 15.949636
 0.599 0.002529096 -0.750 15.949636
 0.606 0.002559634 -0.750 15.949636
 0.613 0.002592616 -0.750 15.949636
 0.622 0.002623155 -0.750 15.949636
 0.632 0.002657358 -0.750 15.949636
 0.639 0.002686675 -0.750 15.949636
 0.648 0.002717214 -0.750 15.949636
 0.659 0.002750196 -0.750 15.949636
 0.665 0.002779513 -0.750 15.949636
 0.676 0.002812495 -0.750 15.949636
 0.685 0.002843034 -0.750 15.949636
 0.694 0.002872351 -0.750 15.949636
 0.705 0.002902890 -0.750 15.949636
 0.716 0.002934650 -0.750 15.949636
 0.722 0.002966410 -0.750 15.949636
 0.731 0.002996949 -0.750 15.949636
 0.742 0.003027488 -0.750 15.949636
 0.751 0.003058026 -0.750 15.949636
 0.759 0.003088565 -0.750 15.949636
 0.768 0.003121547 -0.750 15.949636
 0.779 0.003150864 -0.750 15.949636
 0.784 0.003182624 -0.750 15.949636
 0.799 0.003215606 -0.750 15.949636
 0.807 0.003244923 -0.750 15.949636
 0.819 0.003275462 -0.750 15.949636
 0.829 0.003306001 -0.750 15.949636
 0.840 0.003335318 -0.750 15.949636
 0.851 0.003369521 -0.750 15.949636
 0.858 0.003398838 -0.750 15.949636
 0.869 0.003430599 -0.750 15.949636
 0.878 0.003461138 -0.750 15.949636
 0.889 0.003491676 -0.750 15.949636
 0.899 0.003523437 -0.750 15.949636
 0.910 0.003552754 -0.750 15.949636
 0.922 0.003583292 -0.750 15.949636
 0.934 0.003616274 -0.750 15.949636
 0.941 0.003644370 -0.750 15.949636
 0.954 0.003674909 -0.750 15.949636
 0.961 0.003706669 -0.750 15.949636
 0.974 0.003735986 -0.750 15.949636
 0.983 0.003766525 -0.750 15.949636
 0.994 0.003797064 -0.750 15.949636
 1.003 0.003828824 -0.750 15.949636
 1.018 0.003859363 -0.750 15.949636
 1.027 0.003886237 -0.750 15.949636
 1.038 0.003920440 -0.750 15.949636
 1.053 0.003948536 -0.750 15.949636
 1.064 0.003979074 -0.750 15.949636
 1.077 0.004008391 -0.750 15.949636
 1.088 0.004040152 -0.750 15.949636
 1.099 0.004069469 -0.750 15.949636
 1.110 0.004097565 -0.750 15.949636
 1.121 0.004126882 -0.750 15.949636
 1.132 0.004157421 -0.750 15.949636
 1.145 0.004185516 -0.750 15.949636
 1.158 0.004217276 -0.750 15.949636
 1.171 0.004245372 -0.750 15.949636
 1.182 0.004273468 -0.750 15.949636
 1.197 0.004305228 -0.750 15.949636
 1.208 0.004332102 -0.750 15.949636
 1.221 0.004360198 -0.750 15.949636
 1.232 0.004391958 -0.750 15.949636
 1.245 0.004420054 -0.750 15.949636
 1.259 0.004451814 -0.750 15.949636
 1.270 0.004477466 -0.750 15.949636
 1.285 0.004505562 -0.750 15.949636
 1.298 0.004536101 -0.750 15.949636
 1.313 0.004562975 -0.750 15.949636
 1.324 0.004591071 -0.750 15.949636
 1.337 0.004620388 -0.750 15.949636
 1.353 0.004649705 -0.750 15.949636
 1.366 0.004676579 -0.750 15.949636
 1.379 0.004705896 -0.750 15.949636
 1.394 0.004732770 -0.750 15.949636
 1.408 0.004763309 -0.750 15.949636
 1.427 0.004790183 -0.750 15.949636
 1.440 0.004817057 -0.750 15.949636
 1.449 0.004843931 -0.750 15.949636
 1.467 0.004872027 -0.750 15.949636
 1.482 0.004900123 -0.750 15.949636
 1.495 0.004930661 -0.750 15.949636
 1.513 0.004955092 -0.750 15.949636
 1.528 0.004980744 -0.750 15.949636
 1.546 0.005010062 -0.750 15.949636
 1.561 0.005035714 -0.750 15.949636
 1.576 0.005062588 -0.750 15.949636
 1.592 0.005090684 -0.750 15.949636
 1.607 0.005115115 -0.750 15.949636
 1.624 0.005141989 -0.750 15.949636
 1.642 0.005170085 -0.750 15.949636
 1.662 0.005194515 -0.750 15.949636
 1.681 0.005221390 -0.750 15.949636
 1.696 0.005248264 -0.750 15.949636
 1.712 0.005273916 -0.750 15.949636
 1.730 0.005299569 -0.750 15.949636
 1.749 0.005326443 -0.750 15.949636
 1.767 0.005350874 -0.750 15.949636
 1.788 0.005374083 -0.750 15.949636
 1.802 0.005400958 -0.750 15.949636
 1.821 0.005425388 -0.750 15.949636
 1.841 0.005448598 -0.750 15.949636
 1.861 0.005475472 -0.750 15.949636
 1.883 0.005498681 -0.750 15.949636
 1.902 0.005521891 -0.750 15.949636
 1.920 0.005547544 -0.750 15.949636
 1.940 0.005569531 -0.750 15.949636
 1.961 0.005593962 -0.750 15.949636
 1.981 0.005617172 -0.750 15.949636
 2.007 0.005640381 -0.750 15.949636
 2.025 0.005663591 -0.750 15.949636
 2.049 0.005685579 -0.750 15.949636
 2.071 0.005708788 -0.750 15.949636
 2.091 0.005730776 -0.750 15.949636
 2.119 0.005752764 -0.750 15.949636
 2.143 0.005774751 -0.750 15.949636
 2.165 0.005796739 -0.750 15.949636
 2.189 0.005818727 -0.750 15.949636
 2.215 0.005840715 -0.750 15.949636
 2.237 0.005861481 -0.750 15.949636
 2.261 0.005881026 -0.750 15.949636
 2.286 0.005901793 -0.750 15.949636
 2.314 0.005918894 -0.750 15.949636
 2.342 0.005942103 -0.750 15.949636
 2.365 0.005961648 -0.750 15.949636
 2.395 0.005981193 -0.750 15.949636
 2.421 0.005999516 -0.750 15.949636
 2.448 0.006019061 -0.750 15.949636
 2.481 0.006038606 -0.750 15.949636
 2.509 0.006054486 -0.750 15.949636
 2.537 0.006072809 -0.750 15.949636
 2.568 0.006094797 -0.750 15.949636
 2.599 0.006110677 -0.750 15.949636
 2.627 0.006127779 -0.750 15.949636
 2.658 0.006144881 -0.750 15.949636
 2.688 0.006160761 -0.750 15.949636
 2.719 0.006180305 -0.750 15.949636
 2.750 0.006194965 -0.750 15.949636
 2.783 0.006209623 -0.750 15.949636
 2.816 0.006225503 -0.750 15.949636
 2.851 0.006241383 -0.750 15.949636
 2.885 0.006256042 -0.750 15.949636
 2.918 0.006269479 -0.750 15.949636
 2.958 0.006282916 -0.750 15.949636
 2.989 0.006298796 -0.750 15.949636
 3.024 0.006312233 -0.750 15.949636
 3.063 0.006324449 -0.750 15.949636
 3.098 0.006336664 -0.750 15.949636
 3.137 0.006348880 -0.750 15.949636
 3.175 0.006361095 -0.750 15.949636
 3.214 0.006373310 -0.750 15.949636
 3.251 0.006384304 -0.750 15.949636
 3.291 0.006397741 -0.750 15.949636
 3.330 0.006409957 -0.750 15.949636
 3.369 0.006419729 -0.750 15.949636
 3.409 0.006430723 -0.750 15.949636
 3.450 0.006442939 -0.750 15.949636
 3.490 0.006452711 -0.750 15.949636
 3.531 0.006461262 -0.750 15.949636
 3.567 0.006474699 -0.750 15.949636
 3.612 0.006482028 -0.750 15.949636
 3.656 0.006493022 -0.750 15.949636
 3.698 0.006502795 -0.750 15.949636
 3.739 0.006512567 -0.750 15.949636
 3.781 0.006521118 -0.750 15.949636
 3.823 0.006529669 -0.750 15.949636
 3.867 0.006538220 -0.750 15.949636
 3.913 0.006545549 -0.750 15.949636
 3.954 0.006555321 -0.750 15.949636
 3.998 0.006565094 -0.750 15.949636
 4.044 0.006574866 -0.750 15.949636
 4.085 0.006578531 -0.750 15.949636
 4.132 0.006588303 -0.750 15.949636
 4.178 0.006595633 -0.750 15.949636
 4.221 0.006600519 -0.750 15.949636
 4.267 0.006607848 -0.750 15.949636
 4.313 0.006615177 -0.750 15.949636
 4.361 0.006621285 -0.750 15.949636
 4.405 0.006628614 -0.750 15.949636
   1    5 -0.007 0.000000489 -0.996 21.196228
 0.000 0.000033471 -0.996 21.196228
 0.008 0.000065231 -0.996 21.196228
 0.015 0.000099435 -0.996 21.196228
 0.022 0.000129973 -0.996 21.196228
 0.032 0.000164177 -0.996 21.196228
 0.037 0.000194715 -0.996 21.196228
 0.048 0.000231362 -0.996 21.196228
 0.054 0.000263122 -0.996 21.196228
 0.061 0.000294882 -0.996 21.196228
 0.067 0.000326643 -0.996 21.196228
 0.076 0.000357181 -0.996 21.196228
 0.083 0.000391385 -0.996 21.196228
 0.089 0.000421924 -0.996 21.196228
 0.096 0.000454905 -0.996 21.196228
 0.107 0.000487887 -0.996 21.196228
 0.116 0.000519647 -0.996 21.196228
 0.126 0.000551408 -0.996 21.196228
 0.131 0.000584390 -0.996 21.196228
 0.138 0.000616150 -0.996 21.196228
 0.148 0.000647910 -0.996 21.196228
 0.153 0.000678449 -0.996 21.196228
 0.160 0.000712652 -0.996 21.196228
 0.172 0.000744412 -0.996 21.196228
 0.179 0.000777394 -0.996 21.196228
 0.186 0.000809155 -0.996 21.196228
 0.195 0.000840915 -0.996 21.196228
 0.203 0.000872675 -0.996 21.196228
 0.208 0.000904435 -0.996 21.196228
 0.218 0.000937417 -0.996 21.196228
 0.227 0.000970399 -0.996 21.196228
 0.238 0.001000938 -0.996 21.196228
 0.245 0.001032698 -0.996 21.196228
 0.253 0.001065680 -0.996 21.196228
 0.264 0.001099883 -0.996 21.196228
 0.269 0.001130422 -0.996 21.196228
 0.278 0.001160961 -0.996 21.196228
 0.284 0.001195164 -0.996 21.196228
 0.295 0.001226924 -0.996 21.196228
 0.302 0.001261128 -0.996 21.196228
 0.311 0.001290445 -0.996 21.196228
 0.319 0.001325870 -0.996 21.196228
 0.330 0.001356409 -0.996 21.196228
 0.339 0.001388169 -0.996 21.196228
 0.346 0.001421151 -0.996 21.196228
 0.356 0.001452911 -0.996 21.196228
 0.365 0.001485893 -0.996 21.196228
 0.372 0.001515210 -0.996 21.196228
 0.381 0.001544527 -0.996 21.196228
 0.389 0.001576287 -0.996 21.196228
 0.400 0.001608048 -0.996 21.196228
 0.407 0.001642251 -0.996 21.196228
 0.414 0.001671568 -0.996 21.196228
 0.424 0.001702107 -0.996 21.196228
 0.433 0.001735089 -0.996 21.196228
 0.442 0.001765627 -0.996 21.196228
 0.451 0.001799831 -0.996 21.196228
 0.461 0.001829148 -0.996 21.196228
 0.470 0.001860908 -0.996 21.196228
 0.481 0.001893890 -0.996 21.196228
 0.490 0.001924429 -0.996 21.196228
 0.501 0.001959854 -0.996 21.196228
 0.510 0.001987949 -0.996 21.196228
 0.516 0.002017267 -0.996 21.196228
 0.527 0.002050248 -0.996 21.196228
 0.536 0.002080787 -0.996 21.196228
 0.545 0.002111326 -0.996 21.196228
 0.554 0.002141865 -0.996 21.196228
 0.565 0.002173625 -0.996 21.196228
 0.575 0.002205385 -0.996 21.196228
 0.588 0.002234702 -0.996 21.196228
 0.595 0.002266463 -0.996 21.196228
 0.604 0.002297001 -0.996 21.196228
 0.615 0.002327540 -0.996 21.196228
 0.624 0.002360522 -0.996 21.196228
 0.634 0.002389839 -0.996 21.196228
 0.645 0.002422821 -0.996 21.196228
 0.652 0.002452138 -0.996 21.196228
 0.663 0.002483898 -0.996 21.196228
 0.674 0.002514437 -0.996 21.196228
 0.685 0.002544976 -0.996 21.196228
 0.696 0.002576736 -0.996 21.196228
 0.705 0.002607275 -0.996 21.196228
 0.716 0.002635370 -0.996 21.196228
 0.727 0.002667131 -0.996 21.196228
 0.737 0.002696448 -0.996 21.196228
 0.746 0.002726987 -0.996 21.196228
 0.757 0.002756304 -0.996 21.196228
 0.770 0.002788064 -0.996 21.196228
 0.779 0.002818603 -0.996 21.196228
 0.788 0.002847920 -0.996 21.196228
 0.799 0.002876016 -0.996 21.196228
 0.812 0.002906554 -0.996 21.196228
 0.825 0.002935871 -0.996 21.196228
 0.836 0.002967632 -0.996 21.196228
 0.845 0.002995727 -0.996 21.196228
 0.856 0.003022601 -0.996 21.196228
 0.869 0.003056805 -0.996 21.196228
 0.878 0.003084900 -0.996 21.196228
 0.889 0.003117882 -0.996 21.196228
 0.900 0.003145978 -0.996 21.196228
 0.913 0.003172852 -0.996 21.196228
 0.922 0.003205834 -0.996 21.196228
 0.937 0.003233929 -0.996 21.196228
 0.950 0.003263247 -0.996 21.196228
 0.961 0.003293785 -0.996 21.196228
 0.972 0.003321881 -0.996 21.196228
 0.985 0.003353641 -0.996 21.196228
 0.998 0.003381737 -0.996 21.196228
 1.011 0.003409832 -0.996 21.196228
 1.022 0.003441593 -0.996 21.196228
 1.038 0.003470910 -0.996 21.196228
 1.049 0.003497784 -0.996 21.196228
 1.062 0.003529544 -0.996 21.196228
 1.075 0.003556418 -0.996 21.196228
 1.092 0.003588179 -0.996 21.196228
 1.103 0.003613831 -0.996 21.196228
 1.114 0.003641927 -0.996 21.196228
 1.127 0.003672465 -0.996 21.196228
 1.142 0.003699340 -0.996 21.196228
 1.154 0.003727435 -0.996 21.196228
 1.171 0.003756752 -0.996 21.196228
 1.188 0.003786070 -0.996 21.196228
 1.199 0.003812944 -0.996 21.196228
 1.213 0.003841039 -0.996 21.196228
 1.228 0.003870356 -0.996 21.196228
 1.243 0.003897231 -0.996 21.196228
 1.257 0.003925326 -0.996 21.196228
 1.269 0.003950979 -0.996 21.196228
 1.287 0.003980296 -0.996 21.196228
 1.303 0.004008391 -0.996 21.196228
 1.316 0.004032822 -0.996 21.196228
 1.331 0.004060918 -0.996 21.196228
 1.348 0.004087792 -0.996 21.196228
 1.364 0.004115888 -0.996 21.196228
 1.379 0.004142762 -0.996 21.196228
 1.397 0.004169636 -0.996 21.196228
 1.414 0.004196510 -0.996 21.196228
 1.432 0.004224606 -0.996 21.196228
 1.447 0.004249037 -0.996 21.196228
 1.465 0.004274689 -0.996 21.196228
 1.480 0.004300342 -0.996 21.196228
 1.499 0.004324773 -0.996 21.196228
 1.515 0.004350425 -0.996 21.196228
 1.537 0.004378521 -0.996 21.196228
 1.552 0.004404173 -0.996 21.196228
 1.570 0.004427383 -0.996 21.196228
 1.591 0.004455478 -0.996 21.196228
 1.607 0.004478688 -0.996 21.196228
 1.629 0.004501897 -0.996 21.196228
 1.648 0.004528772 -0.996 21.196228
 1.670 0.004551981 -0.996 21.196228
 1.688 0.004576412 -0.996 21.196228
 1.708 0.004600843 -0.996 21.196228
 1.727 0.004622831 -0.996 21.196228
 1.749 0.004647261 -0.996 21.196228
 1.775 0.004669250 -0.996 21.196228
 1.793 0.004694902 -0.996 21.196228
 1.815 0.004716890 -0.996 21.196228
 1.835 0.004738878 -0.996 21.196228
 1.857 0.004763309 -0.996 21.196228
 1.887 0.004784075 -0.996 21.196228
 1.907 0.004807285 -0.996 21.196228
 1.931 0.004825608 -0.996 21.196228
 1.955 0.004850039 -0.996 21.196228
 1.979 0.004869584 -0.996 21.196228
 2.007 0.004889128 -0.996 21.196228
 2.032 0.004909895 -0.996 21.196228
 2.058 0.004933104 -0.996 21.196228
 2.084 0.004952649 -0.996 21.196228
 2.111 0.004972194 -0.996 21.196228
 2.139 0.004992960 -0.996 21.196228
 2.163 0.005010062 -0.996 21.196228
 2.192 0.005029607 -0.996 21.196228
 2.222 0.005049151 -0.996 21.196228
 2.248 0.005067475 -0.996 21.196228
 2.279 0.005087019 -0.996 21.196228
 2.305 0.005102899 -0.996 21.196228
 2.338 0.005120001 -0.996 21.196228
 2.369 0.005137103 -0.996 21.196228
 2.399 0.005152983 -0.996 21.196228
 2.430 0.005170085 -0.996 21.196228
 2.465 0.005185965 -0.996 21.196228
 2.496 0.005199402 -0.996 21.196228
 2.527 0.005215282 -0.996 21.196228
 2.559 0.005232383 -0.996 21.196228
 2.594 0.005248264 -0.996 21.196228
 2.629 0.005261701 -0.996 21.196228
 2.665 0.005275138 -0.996 21.196228
 2.700 0.005288575 -0.996 21.196228
 2.735 0.005304455 -0.996 21.196228
 2.770 0.005317892 -0.996 21.196228
 2.805 0.005330108 -0.996 21.196228
 2.842 0.005344766 -0.996 21.196228
 2.881 0.005355760 -0.996 21.196228
 2.916 0.005367976 -0.996 21.196228
 2.958 0.005381413 -0.996 21.196228
 2.993 0.005394849 -0.996 21.196228
 3.030 0.005404622 -0.996 21.196228
 3.072 0.005415616 -0.996 21.196228
 3.115 0.005425388 -0.996 21.196228
 3.153 0.005435161 -0.996 21.196228
 3.196 0.005446155 -0.996 21.196228
 3.236 0.005455927 -0.996 21.196228
 3.278 0.005465699 -0.996 21.196228
 3.321 0.005475472 -0.996 21.196228
 3.358 0.005485244 -0.996 21.196228
 3.407 0.005493795 -0.996 21.196228
 3.450 0.005502346 -0.996 21.196228
 3.492 0.005512118 -0.996 21.196228
 3.542 0.005519448 -0.996 21.196228
 3.580 0.005527998 -0.996 21.196228
 3.624 0.005537771 -0.996 21.196228
 3.670 0.005545100 -0.996 21.196228
 3.711 0.005554873 -0.996 21.196228
 3.757 0.005563424 -0.996 21.196228
 3.803 0.005569531 -0.996 21.196228
 3.847 0.005574417 -0.996 21.196228
 3.897 0.005582968 -0.996 21.196228
 3.935 0.005587854 -0.996 21.196228
 3.985 0.005596405 -0.996 21.196228
 4.029 0.005603734 -0.996 21.196228
 4.075 0.005609842 -0.996 21.196228
 4.123 0.005615950 -0.996 21.196228
 4.167 0.005623279 -0.996 21.196228
 4.213 0.005631830 -0.996 21.196228
 4.265 0.005636716 -0.996 21.196228
 4.311 0.005641602 -0.996 21.196228
 4.361 0.005648932 -0.996 21.196228
 4.407 0.005651375 -0.996 21.196228
 4.453 0.005657483 -0.996 21.196228
 4.502 0.005664812 -0.996 21.196228
 4.547 0.005668477 -0.996 21.196228
 4.600 0.005675806 -0.996 21.196228
 4.648 0.005679470 -0.996 21.196228
 4.694 0.005686800 -0.996 21.196228
 4.742 0.005692908 -0.996 21.196228
 4.788 0.005697794 -0.996 21.196228
 4.841 0.005701459 -0.996 21.196228
 4.889 0.005706345 -0.996 21.196228
 4.937 0.005711231 -0.996 21.196228
 4.985 0.005716117 -0.996 21.196228
 5.038 0.005719782 -0.996 21.196228
 5.089 0.005722225 -0.996 21.196228
 5.137 0.005728332 -0.996 21.196228
 5.185 0.005730776 -0.996 21.196228
 5.239 0.005736883 -0.996 21.196228
 5.283 0.005740548 -0.996 21.196228
 5.338 0.005744213 -0.996 21.196228
 5.388 0.005749099 -0.996 21.196228
 5.434 0.005752764 -0.996 21.196228
 5.483 0.005756428 -0.996 21.196228
 5.539 0.005760093 -0.996 21.196228
 5.590 0.005763758 -0.996 21.196228
 5.638 0.005769865 -0.996 21.196228
 5.693 0.005772308 -0.996 21.196228
   1    6 -0.011 0.000000489 -1.248 26.547749
 0.002 0.000033471 -1.248 26.547749
 0.010 0.000066453 -1.248 26.547749
 0.021 0.000096991 -1.248 26.547749
 0.024 0.000127530 -1.248 26.547749
 0.033 0.000160512 -1.248 26.547749
 0.041 0.000192272 -1.248 26.547749
 0.050 0.000225254 -1.248 26.547749
 0.059 0.000257014 -1.248 26.547749
 0.067 0.000288775 -1.248 26.547749
 0.078 0.000321756 -1.248 26.547749
 0.083 0.000352295 -1.248 26.547749
 0.092 0.000384055 -1.248 26.547749
 0.105 0.000417037 -1.248 26.547749
 0.113 0.000446355 -1.248 26.547749
 0.120 0.000478115 -1.248 26.547749
 0.126 0.000509875 -1.248 26.547749
 0.135 0.000542857 -1.248 26.547749
 0.144 0.000573396 -1.248 26.547749
 0.153 0.000603934 -1.248 26.547749
 0.162 0.000636916 -1.248 26.547749
 0.170 0.000667455 -1.248 26.547749
 0.179 0.000700437 -1.248 26.547749
 0.186 0.000732197 -1.248 26.547749
 0.194 0.000762736 -1.248 26.547749
 0.205 0.000795718 -1.248 26.547749
 0.214 0.000825035 -1.248 26.547749
 0.223 0.000860460 -1.248 26.547749
 0.234 0.000888555 -1.248 26.547749
 0.243 0.000921537 -1.248 26.547749
 0.254 0.000952076 -1.248 26.547749
 0.262 0.000983836 -1.248 26.547749
 0.271 0.001015596 -1.248 26.547749
 0.280 0.001044914 -1.248 26.547749
 0.291 0.001076674 -1.248 26.547749
 0.297 0.001108434 -1.248 26.547749
 0.306 0.001141416 -1.248 26.547749
 0.315 0.001173176 -1.248 26.547749
 0.326 0.001203715 -1.248 26.547749
 0.337 0.001236697 -1.248 26.547749
 0.346 0.001267235 -1.248 26.547749
 0.357 0.001297774 -1.248 26.547749
 0.367 0.001331978 -1.248 26.547749
 0.376 0.001362516 -1.248 26.547749
 0.389 0.001393055 -1.248 26.547749
 0.396 0.001423594 -1.248 26.547749
 0.403 0.001455354 -1.248 26.547749
 0.416 0.001485893 -1.248 26.547749
 0.424 0.001515210 -1.248 26.547749
 0.435 0.001546970 -1.248 26.547749
 0.446 0.001578730 -1.248 26.547749
 0.453 0.001606826 -1.248 26.547749
 0.468 0.001639808 -1.248 26.547749
 0.477 0.001669125 -1.248 26.547749
 0.486 0.001700885 -1.248 26.547749
 0.495 0.001732646 -1.248 26.547749
 0.507 0.001761963 -1.248 26.547749
 0.516 0.001791280 -1.248 26.547749
 0.527 0.001821819 -1.248 26.547749
 0.536 0.001853579 -1.248 26.547749
 0.551 0.001887782 -1.248 26.547749
 0.558 0.001913435 -1.248 26.547749
 0.569 0.001946417 -1.248 26.547749
 0.582 0.001974512 -1.248 26.547749
 0.595 0.002003829 -1.248 26.547749
 0.606 0.002035590 -1.248 26.547749
 0.617 0.002064907 -1.248 26.547749
 0.628 0.002094224 -1.248 26.547749
 0.637 0.002125985 -1.248 26.547749
 0.648 0.002154080 -1.248 26.547749
 0.659 0.002185840 -1.248 26.547749
 0.670 0.002213936 -1.248 26.547749
 0.681 0.002243253 -1.248 26.547749
 0.692 0.002272570 -1.248 26.547749
 0.707 0.002303109 -1.248 26.547749
 0.720 0.002333648 -1.248 26.547749
 0.731 0.002364187 -1.248 26.547749
 0.742 0.002392282 -1.248 26.547749
 0.755 0.002422821 -1.248 26.547749
 0.768 0.002452138 -1.248 26.547749
 0.779 0.002481455 -1.248 26.547749
 0.790 0.002510772 -1.248 26.547749
 0.805 0.002540090 -1.248 26.547749
 0.814 0.002568185 -1.248 26.547749
 0.829 0.002597502 -1.248 26.547749
 0.841 0.002625598 -1.248 26.547749
 0.854 0.002654915 -1.248 26.547749
 0.867 0.002683011 -1.248 26.547749
 0.880 0.002712328 -1.248 26.547749
 0.893 0.002740424 -1.248 26.547749
 0.906 0.002769741 -1.248 26.547749
 0.919 0.002797836 -1.248 26.547749
 0.934 0.002827154 -1.248 26.547749
 0.948 0.002852806 -1.248 26.547749
 0.959 0.002882123 -1.248 26.547749
 0.974 0.002911441 -1.248 26.547749
 0.987 0.002935871 -1.248 26.547749
 1.002 0.002965189 -1.248 26.547749
 1.015 0.002992063 -1.248 26.547749
 1.029 0.003020158 -1.248 26.547749
 1.044 0.003049476 -1.248 26.547749
 1.061 0.003076350 -1.248 26.547749
 1.077 0.003102002 -1.248 26.547749
 1.090 0.003130098 -1.248 26.547749
 1.107 0.003156972 -1.248 26.547749
 1.121 0.003183846 -1.248 26.547749
 1.136 0.003213163 -1.248 26.547749
 1.154 0.003238816 -1.248 26.547749
 1.169 0.003265690 -1.248 26.547749
 1.191 0.003293785 -1.248 26.547749
 1.204 0.003320659 -1.248 26.547749
 1.221 0.003346312 -1.248 26.547749
 1.237 0.003371964 -1.248 26.547749
 1.252 0.003397617 -1.248 26.547749
 1.270 0.003423270 -1.248 26.547749
 1.289 0.003451365 -1.248 26.547749
 1.307 0.003475796 -1.248 26.547749
 1.326 0.003501449 -1.248 26.547749
 1.346 0.003527101 -1.248 26.547749
 1.362 0.003551532 -1.248 26.547749
 1.379 0.003577185 -1.248 26.547749
 1.401 0.003604059 -1.248 26.547749
 1.425 0.003628490 -1.248 26.547749
 1.442 0.003651699 -1.248 26.547749
 1.460 0.003676130 -1.248 26.547749
 1.482 0.003699340 -1.248 26.547749
 1.502 0.003722549 -1.248 26.547749
 1.522 0.003746980 -1.248 26.547749
 1.546 0.003770189 -1.248 26.547749
 1.567 0.003792177 -1.248 26.547749
 1.589 0.003814165 -1.248 26.547749
 1.609 0.003836153 -1.248 26.547749
 1.631 0.003858141 -1.248 26.547749
 1.657 0.003880129 -1.248 26.547749
 1.681 0.003904560 -1.248 26.547749
 1.705 0.003926548 -1.248 26.547749
 1.729 0.003947314 -1.248 26.547749
 1.754 0.003965637 -1.248 26.547749
 1.778 0.003990068 -1.248 26.547749
 1.804 0.004009613 -1.248 26.547749
 1.830 0.004029158 -1.248 26.547749
 1.857 0.004048703 -1.248 26.547749
 1.885 0.004069469 -1.248 26.547749
 1.915 0.004089014 -1.248 26.547749
 1.940 0.004106116 -1.248 26.547749
 1.968 0.004126882 -1.248 26.547749
 2.001 0.004143984 -1.248 26.547749
 2.030 0.004163528 -1.248 26.547749
 2.060 0.004179408 -1.248 26.547749
 2.089 0.004196510 -1.248 26.547749
 2.124 0.004214833 -1.248 26.547749
 2.154 0.004229492 -1.248 26.547749
 2.185 0.004245372 -1.248 26.547749
 2.216 0.004263695 -1.248 26.547749
 2.251 0.004277132 -1.248 26.547749
 2.283 0.004294234 -1.248 26.547749
 2.318 0.004310114 -1.248 26.547749
 2.353 0.004322330 -1.248 26.547749
 2.389 0.004334545 -1.248 26.547749
 2.423 0.004349204 -1.248 26.547749
 2.457 0.004365084 -1.248 26.547749
 2.496 0.004378521 -1.248 26.547749
 2.535 0.004390737 -1.248 26.547749
 2.572 0.004402952 -1.248 26.547749
 2.612 0.004415167 -1.248 26.547749
 2.647 0.004426161 -1.248 26.547749
 2.688 0.004437155 -1.248 26.547749
 2.726 0.004450592 -1.248 26.547749
 2.763 0.004460365 -1.248 26.547749
 2.809 0.004472580 -1.248 26.547749
 2.848 0.004482353 -1.248 26.547749
 2.888 0.004493346 -1.248 26.547749
 2.929 0.004501897 -1.248 26.547749
 2.971 0.004512891 -1.248 26.547749
 3.010 0.004525107 -1.248 26.547749
 3.056 0.004531214 -1.248 26.547749
 3.098 0.004540987 -1.248 26.547749
 3.138 0.004549538 -1.248 26.547749
 3.185 0.004558089 -1.248 26.547749
 3.225 0.004565418 -1.248 26.547749
 3.269 0.004573969 -1.248 26.547749
 3.313 0.004581298 -1.248 26.547749
 3.358 0.004589849 -1.248 26.547749
 3.398 0.004598400 -1.248 26.547749
 3.446 0.004604507 -1.248 26.547749
 3.492 0.004611837 -1.248 26.547749
 3.540 0.004619166 -1.248 26.547749
 3.582 0.004626495 -1.248 26.547749
 3.628 0.004632603 -1.248 26.547749
 3.676 0.004639932 -1.248 26.547749
 3.722 0.004646040 -1.248 26.547749
 3.772 0.004652148 -1.248 26.547749
 3.814 0.004657034 -1.248 26.547749
 3.862 0.004664363 -1.248 26.547749
 3.910 0.004670471 -1.248 26.547749
 3.959 0.004674136 -1.248 26.547749
 4.011 0.004681465 -1.248 26.547749
 4.057 0.004686351 -1.248 26.547749
 4.103 0.004692459 -1.248 26.547749
 4.151 0.004698567 -1.248 26.547749
 4.197 0.004703453 -1.248 26.547749
 4.247 0.004708339 -1.248 26.547749
 4.298 0.004712004 -1.248 26.547749
 4.346 0.004719333 -1.248 26.547749
 4.396 0.004721776 -1.248 26.547749
 4.440 0.004725441 -1.248 26.547749
 4.493 0.004732770 -1.248 26.547749
 4.543 0.004736435 -1.248 26.547749
 4.593 0.004741321 -1.248 26.547749
 4.640 0.004744986 -1.248 26.547749
 4.690 0.004751093 -1.248 26.547749
 4.740 0.004753537 -1.248 26.547749
 4.789 0.004759644 -1.248 26.547749
 4.841 0.004763309 -1.248 26.547749
 4.885 0.004768195 -1.248 26.547749
 4.942 0.004774303 -1.248 26.547749
 4.988 0.004775524 -1.248 26.547749
 5.040 0.004777967 -1.248 26.547749
 5.093 0.004782854 -1.248 26.547749
 5.141 0.004785297 -1.248 26.547749
 5.194 0.004788961 -1.248 26.547749
 5.242 0.004793847 -1.248 26.547749
 5.297 0.004795069 -1.248 26.547749
 5.345 0.004798734 -1.248 26.547749
 5.397 0.004802398 -1.248 26.547749
 5.450 0.004806063 -1.248 26.547749
 5.500 0.004809728 -1.248 26.547749
 5.553 0.004813392 -1.248 26.547749
 5.603 0.004817057 -1.248 26.547749
 5.653 0.004820722 -1.248 26.547749
 5.702 0.004824386 -1.248 26.547749
 5.754 0.004828051 -1.248 26.547749
 5.809 0.004830494 -1.248 26.547749
 5.861 0.004830494 -1.248 26.547749
 5.914 0.004834159 -1.248 26.547749
 5.962 0.004841488 -1.248 26.547749
 6.019 0.004845153 -1.248 26.547749
 6.069 0.004846374 -1.248 26.547749
 6.120 0.004850039 -1.248 26.547749
 6.174 0.004848817 -1.248 26.547749
 6.229 0.004852482 -1.248 26.547749
 6.278 0.004853704 -1.248 26.547749
 6.332 0.004857368 -1.248 26.547749
 6.387 0.004859811 -1.248 26.547749
 6.437 0.004861033 -1.248 26.547749
 6.488 0.004864697 -1.248 26.547749
 6.542 0.004868362 -1.248 26.547749
 6.595 0.004869584 -1.248 26.547749
 6.647 0.004873248 -1.248 26.547749
 6.702 0.004876913 -1.248 26.547749
 6.750 0.004879356 -1.248 26.547749
 6.796 0.004883021 -1.248 26.547749
 6.853 0.004884242 -1.248 26.547749
 6.908 0.004885464 -1.248 26.547749
 6.961 0.004889128 -1.248 26.547749
 7.013 0.004890350 -1.248 26.547749
   1    7 -0.009 0.000001711 -1.499 31.899273
 0.000 0.000032249 -1.499 31.899273
 0.011 0.000064010 -1.499 31.899273
 0.021 0.000093327 -1.499 31.899273
 0.028 0.000125087 -1.499 31.899273
 0.039 0.000158069 -1.499 31.899273
 0.048 0.000188608 -1.499 31.899273
 0.056 0.000220368 -1.499 31.899273
 0.065 0.000252128 -1.499 31.899273
 0.074 0.000283888 -1.499 31.899273
 0.083 0.000316870 -1.499 31.899273
 0.091 0.000343744 -1.499 31.899273
 0.105 0.000376726 -1.499 31.899273
 0.113 0.000407265 -1.499 31.899273
 0.124 0.000437804 -1.499 31.899273
 0.133 0.000470785 -1.499 31.899273
 0.140 0.000500103 -1.499 31.899273
 0.151 0.000530641 -1.499 31.899273
 0.162 0.000562402 -1.499 31.899273
 0.172 0.000594162 -1.499 31.899273
 0.181 0.000624701 -1.499 31.899273
 0.188 0.000654018 -1.499 31.899273
 0.197 0.000685778 -1.499 31.899273
 0.212 0.000717538 -1.499 31.899273
 0.221 0.000746856 -1.499 31.899273
 0.230 0.000779837 -1.499 31.899273
 0.241 0.000810376 -1.499 31.899273
 0.253 0.000839693 -1.499 31.899273
 0.262 0.000870232 -1.499 31.899273
 0.273 0.000901992 -1.499 31.899273
 0.282 0.000933753 -1.499 31.899273
 0.295 0.000963070 -1.499 31.899273
 0.302 0.000992387 -1.499 31.899273
 0.313 0.001024147 -1.499 31.899273
 0.322 0.001054686 -1.499 31.899273
 0.335 0.001084003 -1.499 31.899273
 0.346 0.001115763 -1.499 31.899273
 0.359 0.001147524 -1.499 31.899273
 0.368 0.001176841 -1.499 31.899273
 0.381 0.001208601 -1.499 31.899273
 0.392 0.001239140 -1.499 31.899273
 0.403 0.001270900 -1.499 31.899273
 0.413 0.001297774 -1.499 31.899273
 0.426 0.001331978 -1.499 31.899273
 0.435 0.001360073 -1.499 31.899273
 0.446 0.001389390 -1.499 31.899273
 0.459 0.001421151 -1.499 31.899273
 0.472 0.001449246 -1.499 31.899273
 0.483 0.001478563 -1.499 31.899273
 0.494 0.001507881 -1.499 31.899273
 0.507 0.001535976 -1.499 31.899273
 0.516 0.001567737 -1.499 31.899273
 0.529 0.001597054 -1.499 31.899273
 0.540 0.001623928 -1.499 31.899273
 0.553 0.001654466 -1.499 31.899273
 0.564 0.001683784 -1.499 31.899273
 0.578 0.001715544 -1.499 31.899273
 0.591 0.001743640 -1.499 31.899273
 0.606 0.001771735 -1.499 31.899273
 0.617 0.001802274 -1.499 31.899273
 0.630 0.001830370 -1.499 31.899273
 0.641 0.001859687 -1.499 31.899273
 0.656 0.001889004 -1.499 31.899273
 0.667 0.001917100 -1.499 31.899273
 0.680 0.001948860 -1.499 31.899273
 0.692 0.001975734 -1.499 31.899273
 0.707 0.002002608 -1.499 31.899273
 0.722 0.002033147 -1.499 31.899273
 0.735 0.002060021 -1.499 31.899273
 0.746 0.002088116 -1.499 31.899273
 0.764 0.002116212 -1.499 31.899273
 0.777 0.002145529 -1.499 31.899273
 0.788 0.002171182 -1.499 31.899273
 0.805 0.002199277 -1.499 31.899273
 0.821 0.002226152 -1.499 31.899273
 0.836 0.002256690 -1.499 31.899273
 0.851 0.002284786 -1.499 31.899273
 0.865 0.002310438 -1.499 31.899273
 0.880 0.002339755 -1.499 31.899273
 0.897 0.002364187 -1.499 31.899273
 0.910 0.002392282 -1.499 31.899273
 0.928 0.002420378 -1.499 31.899273
 0.943 0.002444809 -1.499 31.899273
 0.957 0.002470461 -1.499 31.899273
 0.976 0.002499779 -1.499 31.899273
 0.991 0.002524209 -1.499 31.899273
 1.007 0.002547419 -1.499 31.899273
 1.022 0.002576736 -1.499 31.899273
 1.040 0.002603610 -1.499 31.899273
 1.061 0.002628041 -1.499 31.899273
 1.077 0.002654915 -1.499 31.899273
 1.095 0.002680568 -1.499 31.899273
 1.114 0.002703777 -1.499 31.899273
 1.132 0.002730651 -1.499 31.899273
 1.153 0.002753861 -1.499 31.899273
 1.169 0.002778292 -1.499 31.899273
 1.191 0.002802723 -1.499 31.899273
 1.211 0.002827154 -1.499 31.899273
 1.230 0.002851584 -1.499 31.899273
 1.248 0.002874794 -1.499 31.899273
 1.272 0.002898003 -1.499 31.899273
 1.291 0.002921213 -1.499 31.899273
 1.315 0.002943201 -1.499 31.899273
 1.333 0.002967632 -1.499 31.899273
 1.355 0.002990841 -1.499 31.899273
 1.379 0.003012829 -1.499 31.899273
 1.403 0.003034817 -1.499 31.899273
 1.429 0.003056805 -1.499 31.899273
 1.453 0.003077571 -1.499 31.899273
 1.476 0.003099559 -1.499 31.899273
 1.499 0.003122768 -1.499 31.899273
 1.526 0.003143535 -1.499 31.899273
 1.550 0.003161858 -1.499 31.899273
 1.576 0.003182624 -1.499 31.899273
 1.602 0.003203391 -1.499 31.899273
 1.631 0.003221714 -1.499 31.899273
 1.661 0.003241259 -1.499 31.899273
 1.688 0.003259582 -1.499 31.899273
 1.718 0.003279127 -1.499 31.899273
 1.747 0.003297450 -1.499 31.899273
 1.778 0.003313330 -1.499 31.899273
 1.808 0.003331653 -1.499 31.899273
 1.839 0.003348755 -1.499 31.899273
 1.870 0.003365857 -1.499 31.899273
 1.902 0.003380515 -1.499 31.899273
 1.931 0.003397617 -1.499 31.899273
 1.966 0.003412276 -1.499 31.899273
 2.005 0.003426934 -1.499 31.899273
 2.036 0.003442814 -1.499 31.899273
 2.071 0.003457473 -1.499 31.899273
 2.106 0.003472131 -1.499 31.899273
 2.145 0.003484347 -1.499 31.899273
 2.178 0.003497784 -1.499 31.899273
 2.215 0.003511221 -1.499 31.899273
 2.255 0.003523437 -1.499 31.899273
 2.290 0.003534430 -1.499 31.899273
 2.327 0.003547868 -1.499 31.899273
 2.369 0.003558862 -1.499 31.899273
 2.404 0.003568634 -1.499 31.899273
 2.445 0.003579628 -1.499 31.899273
 2.491 0.003591843 -1.499 31.899273
 2.527 0.003601616 -1.499 31.899273
 2.566 0.003613831 -1.499 31.899273
 2.608 0.003623604 -1.499 31.899273
 2.651 0.003633376 -1.499 31.899273
 2.693 0.003641927 -1.499 31.899273
 2.739 0.003650478 -1.499 31.899273
 2.780 0.003659029 -1.499 31.899273
 2.826 0.003668801 -1.499 31.899273
 2.866 0.003678573 -1.499 31.899273
 2.910 0.003684681 -1.499 31.899273
 2.956 0.003693232 -1.499 31.899273
 2.999 0.003700561 -1.499 31.899273
 3.048 0.003706669 -1.499 31.899273
 3.092 0.003713998 -1.499 31.899273
 3.138 0.003722549 -1.499 31.899273
 3.185 0.003729878 -1.499 31.899273
 3.229 0.003734764 -1.499 31.899273
 3.277 0.003740872 -1.499 31.899273
 3.326 0.003748202 -1.499 31.899273
 3.374 0.003753088 -1.499 31.899273
 3.424 0.003759196 -1.499 31.899273
 3.468 0.003767746 -1.499 31.899273
 3.514 0.003772632 -1.499 31.899273
 3.566 0.003776297 -1.499 31.899273
 3.608 0.003782405 -1.499 31.899273
 3.658 0.003787291 -1.499 31.899273
 3.707 0.003794621 -1.499 31.899273
 3.755 0.003799507 -1.499 31.899273
 3.803 0.003805614 -1.499 31.899273
 3.849 0.003810500 -1.499 31.899273
 3.902 0.003815387 -1.499 31.899273
 3.950 0.003821495 -1.499 31.899273
 4.002 0.003825159 -1.499 31.899273
 4.050 0.003831267 -1.499 31.899273
 4.099 0.003834932 -1.499 31.899273
 4.151 0.003837375 -1.499 31.899273
 4.193 0.003842261 -1.499 31.899273
 4.248 0.003845925 -1.499 31.899273
 4.296 0.003848369 -1.499 31.899273
 4.350 0.003853255 -1.499 31.899273
 4.397 0.003858141 -1.499 31.899273
 4.447 0.003863027 -1.499 31.899273
 4.499 0.003865470 -1.499 31.899273
 4.547 0.003869135 -1.499 31.899273
 4.596 0.003871578 -1.499 31.899273
 4.646 0.003876464 -1.499 31.899273
 4.696 0.003881350 -1.499 31.899273
 4.745 0.003886237 -1.499 31.899273
 4.797 0.003888680 -1.499 31.899273
 4.852 0.003892344 -1.499 31.899273
 4.900 0.003897231 -1.499 31.899273
 4.953 0.003899674 -1.499 31.899273
 5.005 0.003903338 -1.499 31.899273
 5.055 0.003907003 -1.499 31.899273
 5.108 0.003910668 -1.499 31.899273
 5.156 0.003915554 -1.499 31.899273
 5.207 0.003919218 -1.499 31.899273
 5.255 0.003920440 -1.499 31.899273
 5.310 0.003924105 -1.499 31.899273
 5.362 0.003926548 -1.499 31.899273
 5.413 0.003930212 -1.499 31.899273
 5.463 0.003933877 -1.499 31.899273
 5.516 0.003932655 -1.499 31.899273
 5.572 0.003936320 -1.499 31.899273
 5.623 0.003939985 -1.499 31.899273
 5.677 0.003943650 -1.499 31.899273
 5.730 0.003944871 -1.499 31.899273
 5.780 0.003947314 -1.499 31.899273
 5.833 0.003950979 -1.499 31.899273
 5.890 0.003952200 -1.499 31.899273
 5.940 0.003955865 -1.499 31.899273
 5.995 0.003957086 -1.499 31.899273
 6.047 0.003957086 -1.499 31.899273
 6.094 0.003964416 -1.499 31.899273
 6.151 0.003966859 -1.499 31.899273
 6.201 0.003969302 -1.499 31.899273
 6.256 0.003970523 -1.499 31.899273
 6.310 0.003972967 -1.499 31.899273
 6.361 0.003974188 -1.499 31.899273
 6.415 0.003977853 -1.499 31.899273
 6.464 0.003981518 -1.499 31.899273
 6.518 0.003983960 -1.499 31.899273
 6.567 0.003987625 -1.499 31.899273
 6.623 0.003987625 -1.499 31.899273
 6.676 0.003988847 -1.499 31.899273
 6.735 0.003990068 -1.499 31.899273
 6.786 0.003992511 -1.499 31.899273
 6.840 0.003993733 -1.499 31.899273
 6.890 0.003996176 -1.499 31.899273
 6.945 0.003998619 -1.499 31.899273
 7.000 0.003999840 -1.499 31.899273
 7.053 0.004002284 -1.499 31.899273
 7.105 0.004004727 -1.499 31.899273
 7.158 0.004005949 -1.499 31.899273
 7.212 0.004008391 -1.499 31.899273
 7.265 0.004009613 -1.499 31.899273
 7.317 0.004012056 -1.499 31.899273
 7.372 0.004013278 -1.499 31.899273
 7.427 0.004015721 -1.499 31.899273
 7.480 0.004016942 -1.499 31.899273
 7.532 0.004018164 -1.499 31.899273
 7.583 0.004018164 -1.499 31.899273
 7.635 0.004021829 -1.499 31.899273
 7.690 0.004024272 -1.499 31.899273
 7.744 0.004025493 -1.499 31.899273
 7.799 0.004027936 -1.499 31.899273
 7.852 0.004029158 -1.499 31.899273
 7.907 0.004031601 -1.499 31.899273
 7.959 0.004031601 -1.499 31.899273
 8.014 0.004034044 -1.499 31.899273
 8.067 0.004035266 -1.499 31.899273
 8.119 0.004038930 -1.499 31.899273
 8.174 0.004040152 -1.499 31.899273
 8.229 0.004041373 -1.499 31.899273
 8.281 0.004042595 -1.499 31.899273
   1    8 -0.007 0.000000489 -1.746 37.145863
 0.002 0.000031028 -1.746 37.145863
 0.015 0.000061567 -1.746 37.145863
 0.022 0.000093327 -1.746 37.145863
 0.032 0.000121422 -1.746 37.145863
 0.043 0.000154404 -1.746 37.145863
 0.056 0.000182500 -1.746 37.145863
 0.063 0.000215482 -1.746 37.145863
 0.074 0.000247242 -1.746 37.145863
 0.085 0.000277781 -1.746 37.145863
 0.096 0.000308319 -1.746 37.145863
 0.109 0.000336415 -1.746 37.145863
 0.120 0.000365732 -1.746 37.145863
 0.129 0.000399936 -1.746 37.145863
 0.140 0.000428031 -1.746 37.145863
 0.149 0.000458570 -1.746 37.145863
 0.160 0.000487887 -1.746 37.145863
 0.172 0.000515983 -1.746 37.145863
 0.183 0.000548965 -1.746 37.145863
 0.192 0.000579503 -1.746 37.145863
 0.205 0.000607599 -1.746 37.145863
 0.218 0.000636916 -1.746 37.145863
 0.229 0.000667455 -1.746 37.145863
 0.241 0.000699215 -1.746 37.145863
 0.254 0.000728532 -1.746 37.145863
 0.265 0.000756628 -1.746 37.145863
 0.275 0.000788388 -1.746 37.145863
 0.287 0.000815262 -1.746 37.145863
 0.299 0.000845801 -1.746 37.145863
 0.311 0.000876340 -1.746 37.145863
 0.322 0.000904435 -1.746 37.145863
 0.334 0.000936196 -1.746 37.145863
 0.346 0.000964291 -1.746 37.145863
 0.361 0.000993608 -1.746 37.145863
 0.372 0.001024147 -1.746 37.145863
 0.385 0.001049800 -1.746 37.145863
 0.398 0.001082782 -1.746 37.145863
 0.411 0.001110877 -1.746 37.145863
 0.426 0.001140194 -1.746 37.145863
 0.437 0.001169512 -1.746 37.145863
 0.451 0.001197607 -1.746 37.145863
 0.462 0.001228146 -1.746 37.145863
 0.477 0.001257463 -1.746 37.145863
 0.490 0.001285559 -1.746 37.145863
 0.505 0.001313654 -1.746 37.145863
 0.516 0.001342971 -1.746 37.145863
 0.530 0.001369846 -1.746 37.145863
 0.545 0.001400384 -1.746 37.145863
 0.558 0.001427258 -1.746 37.145863
 0.575 0.001454132 -1.746 37.145863
 0.591 0.001483450 -1.746 37.145863
 0.608 0.001510324 -1.746 37.145863
 0.621 0.001537198 -1.746 37.145863
 0.634 0.001565293 -1.746 37.145863
 0.648 0.001592168 -1.746 37.145863
 0.663 0.001620263 -1.746 37.145863
 0.678 0.001648359 -1.746 37.145863
 0.696 0.001672790 -1.746 37.145863
 0.713 0.001699664 -1.746 37.145863
 0.726 0.001730203 -1.746 37.145863
 0.744 0.001755855 -1.746 37.145863
 0.759 0.001781508 -1.746 37.145863
 0.779 0.001808382 -1.746 37.145863
 0.792 0.001832813 -1.746 37.145863
 0.814 0.001859687 -1.746 37.145863
 0.829 0.001885339 -1.746 37.145863
 0.847 0.001909770 -1.746 37.145863
 0.864 0.001936644 -1.746 37.145863
 0.884 0.001962297 -1.746 37.145863
 0.899 0.001986728 -1.746 37.145863
 0.919 0.002011159 -1.746 37.145863
 0.939 0.002036811 -1.746 37.145863
 0.957 0.002061242 -1.746 37.145863
 0.978 0.002085673 -1.746 37.145863
 0.996 0.002110104 -1.746 37.145863
 1.018 0.002134535 -1.746 37.145863
 1.038 0.002157745 -1.746 37.145863
 1.062 0.002180954 -1.746 37.145863
 1.081 0.002202942 -1.746 37.145863
 1.105 0.002224930 -1.746 37.145863
 1.127 0.002249361 -1.746 37.145863
 1.151 0.002272570 -1.746 37.145863
 1.175 0.002293337 -1.746 37.145863
 1.197 0.002314103 -1.746 37.145863
 1.219 0.002336091 -1.746 37.145863
 1.243 0.002356857 -1.746 37.145863
 1.267 0.002376402 -1.746 37.145863
 1.294 0.002397168 -1.746 37.145863
 1.320 0.002416713 -1.746 37.145863
 1.344 0.002437479 -1.746 37.145863
 1.370 0.002455803 -1.746 37.145863
 1.401 0.002476569 -1.746 37.145863
 1.430 0.002493671 -1.746 37.145863
 1.458 0.002513215 -1.746 37.145863
 1.488 0.002530317 -1.746 37.145863
 1.519 0.002546197 -1.746 37.145863
 1.550 0.002562077 -1.746 37.145863
 1.578 0.002582844 -1.746 37.145863
 1.611 0.002597502 -1.746 37.145863
 1.644 0.002612161 -1.746 37.145863
 1.679 0.002626820 -1.746 37.145863
 1.710 0.002642700 -1.746 37.145863
 1.743 0.002658580 -1.746 37.145863
 1.782 0.002673239 -1.746 37.145863
 1.817 0.002685454 -1.746 37.145863
 1.850 0.002698891 -1.746 37.145863
 1.889 0.002711106 -1.746 37.145863
 1.926 0.002725765 -1.746 37.145863
 1.964 0.002739202 -1.746 37.145863
 2.008 0.002750196 -1.746 37.145863
 2.045 0.002761190 -1.746 37.145863
 2.084 0.002772184 -1.746 37.145863
 2.126 0.002781956 -1.746 37.145863
 2.167 0.002792950 -1.746 37.145863
 2.205 0.002805166 -1.746 37.145863
 2.248 0.002814938 -1.746 37.145863
 2.296 0.002823489 -1.746 37.145863
 2.329 0.002832040 -1.746 37.145863
 2.375 0.002840591 -1.746 37.145863
 2.421 0.002849141 -1.746 37.145863
 2.463 0.002858914 -1.746 37.145863
 2.505 0.002867465 -1.746 37.145863
 2.550 0.002876016 -1.746 37.145863
 2.596 0.002882123 -1.746 37.145863
 2.642 0.002890674 -1.746 37.145863
 2.686 0.002899225 -1.746 37.145863
 2.734 0.002902890 -1.746 37.145863
 2.780 0.002910219 -1.746 37.145863
 2.824 0.002917548 -1.746 37.145863
 2.872 0.002924877 -1.746 37.145863
 2.916 0.002930985 -1.746 37.145863
 2.964 0.002935871 -1.746 37.145863
 3.008 0.002940758 -1.746 37.145863
 3.056 0.002949308 -1.746 37.145863
 3.109 0.002951752 -1.746 37.145863
 3.153 0.002959081 -1.746 37.145863
 3.205 0.002965189 -1.746 37.145863
 3.253 0.002970075 -1.746 37.145863
 3.300 0.002974961 -1.746 37.145863
 3.348 0.002979847 -1.746 37.145863
 3.396 0.002984733 -1.746 37.145863
 3.448 0.002989620 -1.746 37.145863
 3.496 0.002995727 -1.746 37.145863
 3.543 0.002998170 -1.746 37.145863
 3.595 0.003003057 -1.746 37.145863
 3.643 0.003007943 -1.746 37.145863
 3.691 0.003012829 -1.746 37.145863
 3.742 0.003016494 -1.746 37.145863
 3.792 0.003020158 -1.746 37.145863
 3.842 0.003022601 -1.746 37.145863
 3.895 0.003028709 -1.746 37.145863
 3.945 0.003033595 -1.746 37.145863
 3.996 0.003037260 -1.746 37.145863
 4.048 0.003040925 -1.746 37.145863
 4.096 0.003044589 -1.746 37.145863
 4.147 0.003048254 -1.746 37.145863
 4.197 0.003051919 -1.746 37.145863
 4.250 0.003055583 -1.746 37.145863
 4.302 0.003059248 -1.746 37.145863
 4.357 0.003060469 -1.746 37.145863
 4.407 0.003064134 -1.746 37.145863
 4.456 0.003069020 -1.746 37.145863
 4.510 0.003070242 -1.746 37.145863
 4.561 0.003072685 -1.746 37.145863
 4.613 0.003076350 -1.746 37.145863
 4.664 0.003078793 -1.746 37.145863
 4.720 0.003082457 -1.746 37.145863
 4.769 0.003083679 -1.746 37.145863
 4.819 0.003084900 -1.746 37.145863
 4.876 0.003091008 -1.746 37.145863
 4.924 0.003093451 -1.746 37.145863
 4.977 0.003094673 -1.746 37.145863
 5.027 0.003098337 -1.746 37.145863
 5.084 0.003102002 -1.746 37.145863
 5.132 0.003106888 -1.746 37.145863
 5.185 0.003109331 -1.746 37.145863
 5.233 0.003112996 -1.746 37.145863
 5.286 0.003114218 -1.746 37.145863
 5.340 0.003116661 -1.746 37.145863
 5.391 0.003120325 -1.746 37.145863
 5.445 0.003122768 -1.746 37.145863
 5.496 0.003126433 -1.746 37.145863
 5.548 0.003128876 -1.746 37.145863
 5.601 0.003128876 -1.746 37.145863
 5.658 0.003130098 -1.746 37.145863
 5.708 0.003132541 -1.746 37.145863
 5.758 0.003133762 -1.746 37.145863
 5.811 0.003138649 -1.746 37.145863
 5.859 0.003141092 -1.746 37.145863
 5.920 0.003142313 -1.746 37.145863
 5.971 0.003143535 -1.746 37.145863
 6.024 0.003147200 -1.746 37.145863
 6.076 0.003148421 -1.746 37.145863
 6.133 0.003150864 -1.746 37.145863
 6.186 0.003153307 -1.746 37.145863
 6.242 0.003154529 -1.746 37.145863
 6.290 0.003155750 -1.746 37.145863
 6.345 0.003158193 -1.746 37.145863
 6.398 0.003160636 -1.746 37.145863
 6.448 0.003163079 -1.746 37.145863
 6.505 0.003164301 -1.746 37.145863
 6.556 0.003164301 -1.746 37.145863
 6.612 0.003166744 -1.746 37.145863
 6.667 0.003167966 -1.746 37.145863
 6.724 0.003169187 -1.746 37.145863
 6.774 0.003172852 -1.746 37.145863
 6.827 0.003174074 -1.746 37.145863
 6.884 0.003176517 -1.746 37.145863
 6.936 0.003176517 -1.746 37.145863
 6.989 0.003178960 -1.746 37.145863
 7.042 0.003181403 -1.746 37.145863
 7.098 0.003182624 -1.746 37.145863
 7.149 0.003183846 -1.746 37.145863
 7.202 0.003186289 -1.746 37.145863
 7.254 0.003188732 -1.746 37.145863
 7.311 0.003189954 -1.746 37.145863
 7.363 0.003192397 -1.746 37.145863
 7.420 0.003192397 -1.746 37.145863
 7.475 0.003193618 -1.746 37.145863
 7.528 0.003196061 -1.746 37.145863
 7.582 0.003197283 -1.746 37.145863
 7.631 0.003199726 -1.746 37.145863
 7.686 0.003200948 -1.746 37.145863
 7.740 0.003203391 -1.746 37.145863
 7.793 0.003204612 -1.746 37.145863
 7.845 0.003205834 -1.746 37.145863
 7.904 0.003208277 -1.746 37.145863
 7.955 0.003209498 -1.746 37.145863
 8.014 0.003209498 -1.746 37.145863
 8.067 0.003211942 -1.746 37.145863
 8.119 0.003214385 -1.746 37.145863
 8.174 0.003214385 -1.746 37.145863
 8.226 0.003218049 -1.746 37.145863
 8.281 0.003218049 -1.746 37.145863
 8.331 0.003220492 -1.746 37.145863
 8.390 0.003220492 -1.746 37.145863
 8.443 0.003221714 -1.746 37.145863
 8.500 0.003222935 -1.746 37.145863
 8.553 0.003222935 -1.746 37.145863
 8.603 0.003224157 -1.746 37.145863
 8.658 0.003227822 -1.746 37.145863
 8.717 0.003227822 -1.746 37.145863
 8.765 0.003231486 -1.746 37.145863
 8.822 0.003231486 -1.746 37.145863
 8.877 0.003231486 -1.746 37.145863
 8.933 0.003232708 -1.746 37.145863
 8.990 0.003230265 -1.746 37.145863
 9.043 0.003235151 -1.746 37.145863
 9.098 0.003236372 -1.746 37.145863
 9.148 0.003238816 -1.746 37.145863
 9.205 0.003238816 -1.746 37.145863
 9.256 0.003240037 -1.746 37.145863
 9.312 0.003243702 -1.746 37.145863
 9.367 0.003242480 -1.746 37.145863
 9.422 0.003244923 -1.746 37.145863
 9.474 0.003247367 -1.746 37.145863
   1    9 -0.007 0.000001711 -1.997 42.497383
 0.006 0.000031028 -1.997 42.497383
 0.017 0.000061567 -1.997 42.497383
 0.028 0.000089662 -1.997 42.497383
 0.037 0.000117758 -1.997 42.497383
 0.048 0.000150740 -1.997 42.497383
 0.063 0.000178835 -1.997 42.497383
 0.076 0.000209374 -1.997 42.497383
 0.087 0.000237470 -1.997 42.497383
 0.100 0.000268008 -1.997 42.497383
 0.114 0.000297326 -1.997 42.497383
 0.124 0.000326643 -1.997 42.497383
 0.135 0.000355960 -1.997 42.497383
 0.148 0.000386499 -1.997 42.497383
 0.160 0.000413373 -1.997 42.497383
 0.173 0.000442690 -1.997 42.497383
 0.186 0.000472007 -1.997 42.497383
 0.197 0.000500103 -1.997 42.497383
 0.214 0.000528198 -1.997 42.497383
 0.227 0.000557515 -1.997 42.497383
 0.240 0.000586833 -1.997 42.497383
 0.254 0.000614928 -1.997 42.497383
 0.267 0.000643024 -1.997 42.497383
 0.280 0.000669898 -1.997 42.497383
 0.293 0.000700437 -1.997 42.497383
 0.308 0.000728532 -1.997 42.497383
 0.322 0.000756628 -1.997 42.497383
 0.335 0.000783502 -1.997 42.497383
 0.350 0.000811598 -1.997 42.497383
 0.365 0.000838472 -1.997 42.497383
 0.378 0.000867789 -1.997 42.497383
 0.394 0.000894663 -1.997 42.497383
 0.409 0.000921537 -1.997 42.497383
 0.426 0.000950854 -1.997 42.497383
 0.440 0.000977728 -1.997 42.497383
 0.453 0.001005824 -1.997 42.497383
 0.475 0.001030255 -1.997 42.497383
 0.490 0.001059572 -1.997 42.497383
 0.507 0.001087668 -1.997 42.497383
 0.523 0.001113320 -1.997 42.497383
 0.538 0.001138973 -1.997 42.497383
 0.553 0.001167068 -1.997 42.497383
 0.575 0.001192721 -1.997 42.497383
 0.591 0.001217152 -1.997 42.497383
 0.611 0.001246469 -1.997 42.497383
 0.624 0.001268457 -1.997 42.497383
 0.645 0.001295331 -1.997 42.497383
 0.663 0.001322205 -1.997 42.497383
 0.681 0.001345415 -1.997 42.497383
 0.702 0.001369846 -1.997 42.497383
 0.720 0.001395498 -1.997 42.497383
 0.738 0.001421151 -1.997 42.497383
 0.761 0.001444360 -1.997 42.497383
 0.779 0.001465126 -1.997 42.497383
 0.803 0.001490779 -1.997 42.497383
 0.823 0.001513988 -1.997 42.497383
 0.847 0.001535976 -1.997 42.497383
 0.869 0.001560407 -1.997 42.497383
 0.888 0.001581174 -1.997 42.497383
 0.913 0.001603161 -1.997 42.497383
 0.937 0.001626371 -1.997 42.497383
 0.961 0.001648359 -1.997 42.497383
 0.985 0.001669125 -1.997 42.497383
 1.009 0.001688670 -1.997 42.497383
 1.035 0.001709436 -1.997 42.497383
 1.062 0.001731424 -1.997 42.497383
 1.090 0.001747304 -1.997 42.497383
 1.116 0.001766849 -1.997 42.497383
 1.142 0.001786394 -1.997 42.497383
 1.175 0.001804717 -1.997 42.497383
 1.202 0.001821819 -1.997 42.497383
 1.234 0.001840142 -1.997 42.497383
 1.263 0.001856022 -1.997 42.497383
 1.298 0.001874345 -1.997 42.497383
 1.327 0.001890225 -1.997 42.497383
 1.361 0.001904884 -1.997 42.497383
 1.394 0.001920764 -1.997 42.497383
 1.429 0.001935423 -1.997 42.497383
 1.464 0.001951303 -1.997 42.497383
 1.495 0.001963518 -1.997 42.497383
 1.535 0.001978177 -1.997 42.497383
 1.570 0.001991614 -1.997 42.497383
 1.607 0.002001386 -1.997 42.497383
 1.648 0.002013602 -1.997 42.497383
 1.684 0.002028261 -1.997 42.497383
 1.721 0.002036811 -1.997 42.497383
 1.767 0.002050248 -1.997 42.497383
 1.806 0.002057578 -1.997 42.497383
 1.845 0.002067350 -1.997 42.497383
 1.889 0.002078344 -1.997 42.497383
 1.931 0.002086895 -1.997 42.497383
 1.970 0.002097889 -1.997 42.497383
 2.016 0.002106440 -1.997 42.497383
 2.060 0.002112547 -1.997 42.497383
 2.100 0.002122320 -1.997 42.497383
 2.145 0.002130871 -1.997 42.497383
 2.189 0.002139421 -1.997 42.497383
 2.235 0.002146751 -1.997 42.497383
 2.281 0.002154080 -1.997 42.497383
 2.327 0.002157745 -1.997 42.497383
 2.371 0.002166296 -1.997 42.497383
 2.417 0.002173625 -1.997 42.497383
 2.463 0.002178511 -1.997 42.497383
 2.513 0.002184619 -1.997 42.497383
 2.559 0.002193170 -1.997 42.497383
 2.608 0.002198056 -1.997 42.497383
 2.656 0.002204163 -1.997 42.497383
 2.706 0.002207828 -1.997 42.497383
 2.752 0.002212714 -1.997 42.497383
 2.800 0.002217601 -1.997 42.497383
 2.851 0.002222487 -1.997 42.497383
 2.901 0.002227373 -1.997 42.497383
 2.951 0.002232259 -1.997 42.497383
 2.999 0.002238367 -1.997 42.497383
 3.050 0.002242032 -1.997 42.497383
 3.098 0.002245696 -1.997 42.497383
 3.148 0.002249361 -1.997 42.497383
 3.199 0.002254247 -1.997 42.497383
 3.247 0.002257912 -1.997 42.497383
 3.299 0.002262798 -1.997 42.497383
 3.350 0.002266463 -1.997 42.497383
 3.400 0.002272570 -1.997 42.497383
 3.453 0.002273792 -1.997 42.497383
 3.499 0.002278678 -1.997 42.497383
 3.554 0.002282343 -1.997 42.497383
 3.606 0.002286007 -1.997 42.497383
 3.658 0.002289672 -1.997 42.497383
 3.707 0.002292115 -1.997 42.497383
 3.759 0.002295780 -1.997 42.497383
 3.808 0.002299444 -1.997 42.497383
 3.862 0.002300666 -1.997 42.497383
 3.912 0.002304331 -1.997 42.497383
 3.961 0.002307995 -1.997 42.497383
 4.016 0.002309217 -1.997 42.497383
 4.066 0.002312881 -1.997 42.497383
 4.121 0.002316546 -1.997 42.497383
 4.171 0.002317768 -1.997 42.497383
 4.223 0.002321432 -1.997 42.497383
 4.276 0.002323875 -1.997 42.497383
 4.327 0.002327540 -1.997 42.497383
 4.379 0.002329983 -1.997 42.497383
 4.431 0.002332426 -1.997 42.497383
 4.486 0.002336091 -1.997 42.497383
 4.535 0.002339755 -1.997 42.497383
 4.589 0.002342199 -1.997 42.497383
 4.644 0.002342199 -1.997 42.497383
 4.697 0.002345863 -1.997 42.497383
 4.747 0.002347085 -1.997 42.497383
 4.801 0.002350749 -1.997 42.497383
 4.854 0.002351971 -1.997 42.497383
 4.905 0.002354414 -1.997 42.497383
 4.962 0.002355636 -1.997 42.497383
 5.012 0.002359300 -1.997 42.497383
 5.069 0.002359300 -1.997 42.497383
 5.121 0.002362965 -1.997 42.497383
 5.172 0.002365408 -1.997 42.497383
 5.224 0.002367851 -1.997 42.497383
 5.277 0.002369073 -1.997 42.497383
 5.332 0.002372737 -1.997 42.497383
 5.386 0.002373959 -1.997 42.497383
 5.439 0.002376402 -1.997 42.497383
 5.491 0.002378845 -1.997 42.497383
 5.550 0.002378845 -1.997 42.497383
 5.601 0.002381288 -1.997 42.497383
 5.655 0.002383731 -1.997 42.497383
 5.706 0.002386174 -1.997 42.497383
 5.756 0.002386174 -1.997 42.497383
 5.811 0.002389839 -1.997 42.497383
 5.866 0.002389839 -1.997 42.497383
 5.921 0.002392282 -1.997 42.497383
 5.975 0.002394725 -1.997 42.497383
 6.030 0.002397168 -1.997 42.497383
 6.082 0.002398390 -1.997 42.497383
 6.137 0.002400833 -1.997 42.497383
 6.190 0.002402055 -1.997 42.497383
 6.245 0.002404498 -1.997 42.497383
 6.297 0.002405719 -1.997 42.497383
 6.347 0.002409384 -1.997 42.497383
 6.402 0.002410605 -1.997 42.497383
 6.457 0.002411827 -1.997 42.497383
 6.510 0.002414270 -1.997 42.497383
 6.560 0.002417935 -1.997 42.497383
 6.617 0.002417935 -1.997 42.497383
 6.671 0.002417935 -1.997 42.497383
 6.724 0.002420378 -1.997 42.497383
 6.775 0.002421599 -1.997 42.497383
 6.832 0.002425264 -1.997 42.497383
 6.886 0.002425264 -1.997 42.497383
 6.939 0.002426486 -1.997 42.497383
 6.991 0.002427707 -1.997 42.497383
 7.048 0.002428929 -1.997 42.497383
 7.103 0.002428929 -1.997 42.497383
 7.153 0.002431372 -1.997 42.497383
 7.210 0.002432593 -1.997 42.497383
 7.261 0.002435036 -1.997 42.497383
 7.318 0.002435036 -1.997 42.497383
 7.370 0.002437479 -1.997 42.497383
 7.425 0.002439922 -1.997 42.497383
 7.480 0.002438701 -1.997 42.497383
 7.532 0.002441144 -1.997 42.497383
 7.583 0.002442366 -1.997 42.497383
 7.639 0.002442366 -1.997 42.497383
 7.694 0.002444809 -1.997 42.497383
 7.747 0.002448473 -1.997 42.497383
 7.802 0.002448473 -1.997 42.497383
 7.856 0.002449695 -1.997 42.497383
 7.911 0.002448473 -1.997 42.497383
 7.966 0.002452138 -1.997 42.497383
 8.023 0.002452138 -1.997 42.497383
 8.077 0.002453360 -1.997 42.497383
 8.132 0.002455803 -1.997 42.497383
 8.185 0.002457024 -1.997 42.497383
 8.242 0.002459467 -1.997 42.497383
 8.294 0.002458246 -1.997 42.497383
 8.347 0.002458246 -1.997 42.497383
 8.406 0.002459467 -1.997 42.497383
 8.460 0.002461910 -1.997 42.497383
 8.515 0.002463132 -1.997 42.497383
 8.566 0.002465575 -1.997 42.497383
 8.620 0.002465575 -1.997 42.497383
 8.675 0.002466797 -1.997 42.497383
 8.732 0.002466797 -1.997 42.497383
 8.785 0.002468018 -1.997 42.497383
 8.842 0.002468018 -1.997 42.497383
 8.894 0.002470461 -1.997 42.497383
 8.951 0.002470461 -1.997 42.497383
 9.002 0.002471683 -1.997 42.497383
 9.061 0.002472904 -1.997 42.497383
 9.113 0.002475347 -1.997 42.497383
 9.168 0.002475347 -1.997 42.497383
 9.221 0.002479012 -1.997 42.497383
 9.277 0.002477790 -1.997 42.497383
 9.334 0.002479012 -1.997 42.497383
 9.387 0.002479012 -1.997 42.497383
 9.446 0.002480234 -1.997 42.497383
 9.496 0.002481455 -1.997 42.497383
 9.553 0.002483898 -1.997 42.497383
 9.604 0.002485120 -1.997 42.497383
 9.663 0.002485120 -1.997 42.497383
 9.715 0.002487563 -1.997 42.497383
 9.774 0.002486341 -1.997 42.497383
 9.827 0.002486341 -1.997 42.497383
 9.880 0.002491228 -1.997 42.497383
 9.936 0.002490006 -1.997 42.497383
 9.989 0.002492449 -1.997 42.497383
 10.046 0.002492449 -1.997 42.497383
 10.098 0.002493671 -1.997 42.497383
 10.156 0.002494892 -1.997 42.497383
 10.212 0.002496114 -1.997 42.497383
 10.265 0.002496114 -1.997 42.497383
 10.318 0.002497335 -1.997 42.497383
 10.376 0.002498557 -1.997 42.497383
 10.425 0.002501000 -1.997 42.497383
 10.486 0.002499779 -1.997 42.497383
 10.537 0.002501000 -1.997 42.497383
 10.593 0.002502222 -1.997 42.497383
   1   10 -0.007 0.000000489 -2.249 47.848911
 0.010 0.000029806 -2.249 47.848911
 0.021 0.000056680 -2.249 47.848911
 0.035 0.000087219 -2.249 47.848911
 0.046 0.000115315 -2.249 47.848911
 0.061 0.000143410 -2.249 47.848911
 0.074 0.000171506 -2.249 47.848911
 0.089 0.000199602 -2.249 47.848911
 0.103 0.000228919 -2.249 47.848911
 0.120 0.000255793 -2.249 47.848911
 0.135 0.000282667 -2.249 47.848911
 0.148 0.000313206 -2.249 47.848911
 0.160 0.000337637 -2.249 47.848911
 0.175 0.000363289 -2.249 47.848911
 0.192 0.000392606 -2.249 47.848911
 0.205 0.000419480 -2.249 47.848911
 0.225 0.000445133 -2.249 47.848911
 0.241 0.000474450 -2.249 47.848911
 0.256 0.000500103 -2.249 47.848911
 0.273 0.000526977 -2.249 47.848911
 0.287 0.000552629 -2.249 47.848911
 0.306 0.000579503 -2.249 47.848911
 0.322 0.000605156 -2.249 47.848911
 0.339 0.000632030 -2.249 47.848911
 0.356 0.000655239 -2.249 47.848911
 0.374 0.000680892 -2.249 47.848911
 0.392 0.000708988 -2.249 47.848911
 0.411 0.000733419 -2.249 47.848911
 0.431 0.000757849 -2.249 47.848911
 0.449 0.000782280 -2.249 47.848911
 0.472 0.000809155 -2.249 47.848911
 0.490 0.000832364 -2.249 47.848911
 0.508 0.000858017 -2.249 47.848911
 0.529 0.000880004 -2.249 47.848911
 0.551 0.000903214 -2.249 47.848911
 0.571 0.000927645 -2.249 47.848911
 0.599 0.000950854 -2.249 47.848911
 0.619 0.000972842 -2.249 47.848911
 0.643 0.000994830 -2.249 47.848911
 0.663 0.001018039 -2.249 47.848911
 0.689 0.001040027 -2.249 47.848911
 0.714 0.001059572 -2.249 47.848911
 0.740 0.001081560 -2.249 47.848911
 0.766 0.001102326 -2.249 47.848911
 0.794 0.001121871 -2.249 47.848911
 0.819 0.001140194 -2.249 47.848911
 0.849 0.001159739 -2.249 47.848911
 0.873 0.001178062 -2.249 47.848911
 0.902 0.001196386 -2.249 47.848911
 0.934 0.001213487 -2.249 47.848911
 0.967 0.001233032 -2.249 47.848911
 0.992 0.001247691 -2.249 47.848911
 1.024 0.001264792 -2.249 47.848911
 1.062 0.001279451 -2.249 47.848911
 1.092 0.001294110 -2.249 47.848911
 1.125 0.001308768 -2.249 47.848911
 1.164 0.001324648 -2.249 47.848911
 1.200 0.001338085 -2.249 47.848911
 1.235 0.001351522 -2.249 47.848911
 1.270 0.001362516 -2.249 47.848911
 1.311 0.001374732 -2.249 47.848911
 1.348 0.001388169 -2.249 47.848911
 1.386 0.001400384 -2.249 47.848911
 1.429 0.001408935 -2.249 47.848911
 1.471 0.001418708 -2.249 47.848911
 1.513 0.001429701 -2.249 47.848911
 1.554 0.001438252 -2.249 47.848911
 1.596 0.001446803 -2.249 47.848911
 1.642 0.001455354 -2.249 47.848911
 1.686 0.001461462 -2.249 47.848911
 1.730 0.001470013 -2.249 47.848911
 1.775 0.001479785 -2.249 47.848911
 1.821 0.001487114 -2.249 47.848911
 1.865 0.001493222 -2.249 47.848911
 1.913 0.001500551 -2.249 47.848911
 1.957 0.001507881 -2.249 47.848911
 2.008 0.001513988 -2.249 47.848911
 2.054 0.001520096 -2.249 47.848911
 2.100 0.001524982 -2.249 47.848911
 2.148 0.001532312 -2.249 47.848911
 2.196 0.001535976 -2.249 47.848911
 2.246 0.001542084 -2.249 47.848911
 2.294 0.001546970 -2.249 47.848911
 2.343 0.001553078 -2.249 47.848911
 2.391 0.001557964 -2.249 47.848911
 2.439 0.001561629 -2.249 47.848911
 2.487 0.001566515 -2.249 47.848911
 2.538 0.001570180 -2.249 47.848911
 2.586 0.001575066 -2.249 47.848911
 2.638 0.001577509 -2.249 47.848911
 2.686 0.001584838 -2.249 47.848911
 2.739 0.001587281 -2.249 47.848911
 2.789 0.001590946 -2.249 47.848911
 2.837 0.001593389 -2.249 47.848911
 2.886 0.001597054 -2.249 47.848911
 2.938 0.001601940 -2.249 47.848911
 2.988 0.001606826 -2.249 47.848911
 3.037 0.001609269 -2.249 47.848911
 3.091 0.001610491 -2.249 47.848911
 3.140 0.001612934 -2.249 47.848911
 3.194 0.001616598 -2.249 47.848911
 3.243 0.001620263 -2.249 47.848911
 3.295 0.001625149 -2.249 47.848911
 3.346 0.001627592 -2.249 47.848911
 3.398 0.001630035 -2.249 47.848911
 3.455 0.001633700 -2.249 47.848911
 3.505 0.001636143 -2.249 47.848911
 3.558 0.001639808 -2.249 47.848911
 3.608 0.001642251 -2.249 47.848911
 3.665 0.001645916 -2.249 47.848911
 3.716 0.001647137 -2.249 47.848911
 3.768 0.001649580 -2.249 47.848911
 3.818 0.001652023 -2.249 47.848911
 3.873 0.001654466 -2.249 47.848911
 3.926 0.001655688 -2.249 47.848911
 3.980 0.001658131 -2.249 47.848911
 4.033 0.001661796 -2.249 47.848911
 4.085 0.001664239 -2.249 47.848911
 4.140 0.001665460 -2.249 47.848911
 4.189 0.001669125 -2.249 47.848911
 4.247 0.001670347 -2.249 47.848911
 4.302 0.001671568 -2.249 47.848911
 4.351 0.001674011 -2.249 47.848911
 4.405 0.001676454 -2.249 47.848911
 4.456 0.001680119 -2.249 47.848911
 4.510 0.001678898 -2.249 47.848911
 4.565 0.001682562 -2.249 47.848911
 4.613 0.001687448 -2.249 47.848911
 4.666 0.001687448 -2.249 47.848911
 4.723 0.001688670 -2.249 47.848911
 4.777 0.001691113 -2.249 47.848911
 4.828 0.001691113 -2.249 47.848911
 4.883 0.001692335 -2.249 47.848911
 4.937 0.001694778 -2.249 47.848911
 4.990 0.001695999 -2.249 47.848911
 5.042 0.001698442 -2.249 47.848911
 5.097 0.001700885 -2.249 47.848911
 5.148 0.001703328 -2.249 47.848911
 5.207 0.001704550 -2.249 47.848911
 5.259 0.001708215 -2.249 47.848911
 5.314 0.001709436 -2.249 47.848911
 5.364 0.001709436 -2.249 47.848911
 5.423 0.001710658 -2.249 47.848911
 5.470 0.001714322 -2.249 47.848911
 5.528 0.001715544 -2.249 47.848911
 5.581 0.001716765 -2.249 47.848911
 5.634 0.001717987 -2.249 47.848911
 5.689 0.001720430 -2.249 47.848911
 5.741 0.001722873 -2.249 47.848911
 5.798 0.001725316 -2.249 47.848911
 5.851 0.001724095 -2.249 47.848911
 5.907 0.001726538 -2.249 47.848911
 5.960 0.001727759 -2.249 47.848911
 6.015 0.001731424 -2.249 47.848911
 6.070 0.001728981 -2.249 47.848911
 6.126 0.001731424 -2.249 47.848911
 6.177 0.001732646 -2.249 47.848911
 6.234 0.001733867 -2.249 47.848911
 6.288 0.001736310 -2.249 47.848911
 6.343 0.001737532 -2.249 47.848911
 6.398 0.001737532 -2.249 47.848911
 6.451 0.001739975 -2.249 47.848911
 6.507 0.001739975 -2.249 47.848911
 6.564 0.001739975 -2.249 47.848911
 6.617 0.001743640 -2.249 47.848911
 6.669 0.001744861 -2.249 47.848911
 6.726 0.001746083 -2.249 47.848911
 6.777 0.001744861 -2.249 47.848911
 6.834 0.001746083 -2.249 47.848911
 6.888 0.001749747 -2.249 47.848911
 6.943 0.001749747 -2.249 47.848911
 6.996 0.001750969 -2.249 47.848911
 7.051 0.001752190 -2.249 47.848911
 7.109 0.001752190 -2.249 47.848911
 7.160 0.001755855 -2.249 47.848911
 7.215 0.001754634 -2.249 47.848911
 7.267 0.001757077 -2.249 47.848911
 7.320 0.001758298 -2.249 47.848911
 7.372 0.001759520 -2.249 47.848911
 7.434 0.001759520 -2.249 47.848911
 7.484 0.001763184 -2.249 47.848911
 7.541 0.001764406 -2.249 47.848911
 7.591 0.001764406 -2.249 47.848911
 7.644 0.001764406 -2.249 47.848911
 7.701 0.001766849 -2.249 47.848911
 7.755 0.001766849 -2.249 47.848911
 7.810 0.001766849 -2.249 47.848911
 7.863 0.001768071 -2.249 47.848911
 7.920 0.001770514 -2.249 47.848911
 7.972 0.001771735 -2.249 47.848911
 8.025 0.001772957 -2.249 47.848911
 8.082 0.001774178 -2.249 47.848911
 8.136 0.001772957 -2.249 47.848911
 8.193 0.001775400 -2.249 47.848911
 8.248 0.001776621 -2.249 47.848911
 8.303 0.001775400 -2.249 47.848911
 8.358 0.001777843 -2.249 47.848911
 8.412 0.001777843 -2.249 47.848911
 8.467 0.001779065 -2.249 47.848911
 8.524 0.001780286 -2.249 47.848911
 8.577 0.001780286 -2.249 47.848911
 8.629 0.001782729 -2.249 47.848911
 8.682 0.001783951 -2.249 47.848911
 8.739 0.001785172 -2.249 47.848911
 8.794 0.001785172 -2.249 47.848911
 8.852 0.001785172 -2.249 47.848911
 8.907 0.001787615 -2.249 47.848911
 8.960 0.001787615 -2.249 47.848911
 9.014 0.001790058 -2.249 47.848911
 9.071 0.001790058 -2.249 47.848911
 9.126 0.001792502 -2.249 47.848911
 9.183 0.001794945 -2.249 47.848911
 9.236 0.001792502 -2.249 47.848911
 9.290 0.001794945 -2.249 47.848911
 9.347 0.001794945 -2.249 47.848911
 9.404 0.001796166 -2.249 47.848911
 9.455 0.001797388 -2.249 47.848911
 9.510 0.001798609 -2.249 47.848911
 9.568 0.001798609 -2.249 47.848911
 9.619 0.001799831 -2.249 47.848911
 9.676 0.001799831 -2.249 47.848911
 9.729 0.001801052 -2.249 47.848911
 9.785 0.001803495 -2.249 47.848911
 9.840 0.001804717 -2.249 47.848911
 9.897 0.001804717 -2.249 47.848911
 9.950 0.001803495 -2.249 47.848911
 10.006 0.001804717 -2.249 47.848911
 10.061 0.001805939 -2.249 47.848911
 10.114 0.001807160 -2.249 47.848911
 10.171 0.001805939 -2.249 47.848911
 10.225 0.001808382 -2.249 47.848911
 10.282 0.001809603 -2.249 47.848911
 10.331 0.001810825 -2.249 47.848911
 10.392 0.001810825 -2.249 47.848911
 10.445 0.001812046 -2.249 47.848911
 10.501 0.001810825 -2.249 47.848911
 10.556 0.001812046 -2.249 47.848911
 10.615 0.001812046 -2.249 47.848911
 10.666 0.001813268 -2.249 47.848911
 10.722 0.001814489 -2.249 47.848911
 10.775 0.001815711 -2.249 47.848911
 10.834 0.001816933 -2.249 47.848911
 10.885 0.001818154 -2.249 47.848911
 10.941 0.001819376 -2.249 47.848911
 10.996 0.001819376 -2.249 47.848911
 11.049 0.001819376 -2.249 47.848911
 11.104 0.001820597 -2.249 47.848911
 11.160 0.001821819 -2.249 47.848911
 11.217 0.001823040 -2.249 47.848911
 11.272 0.001821819 -2.249 47.848911
 11.329 0.001824262 -2.249 47.848911
 11.382 0.001823040 -2.249 47.848911
 11.436 0.001825483 -2.249 47.848911
 11.491 0.001826705 -2.249 47.848911
 11.546 0.001829148 -2.249 47.848911
 11.601 0.001827926 -2.249 47.848911
32000
