
256
   1    1 -0.006 -0.000000274 2.495 -53.091110
 0.025 0.000017896 2.495 -53.091110
 0.066 0.000025225 2.495 -53.091110
 0.122 0.000027058 2.495 -53.091110
 0.176 0.000026905 2.495 -53.091110
 0.235 0.000027669 2.495 -53.091110
 0.289 0.000027363 2.495 -53.091110
 0.348 0.000027669 2.495 -53.091110
 0.404 0.000028585 2.495 -53.091110
 0.459 0.000027821 2.495 -53.091110
 0.516 0.000027974 2.495 -53.091110
 0.570 0.000027821 2.495 -53.091110
 0.627 0.000028279 2.495 -53.091110
 0.681 0.000027669 2.495 -53.091110
 0.738 0.000027821 2.495 -53.091110
 0.792 0.000027974 2.495 -53.091110
 0.851 0.000027821 2.495 -53.091110
 0.905 0.000027974 2.495 -53.091110
 0.962 0.000027821 2.495 -53.091110
 1.016 0.000027669 2.495 -53.091110
 1.075 0.000027669 2.495 -53.091110
 1.130 0.000027210 2.495 -53.091110
 1.189 0.000028127 2.495 -53.091110
 1.244 0.000027516 2.495 -53.091110
 1.302 0.000027210 2.495 -53.091110
 1.356 0.000027516 2.495 -53.091110
 1.415 0.000027669 2.495 -53.091110
 1.470 0.000028432 2.495 -53.091110
 1.526 0.000027669 2.495 -53.091110
 1.581 0.000027821 2.495 -53.091110
 1.638 0.000027974 2.495 -53.091110
 1.695 0.000028279 2.495 -53.091110
 1.751 0.000027516 2.495 -53.091110
 1.808 0.000027516 2.495 -53.091110
 1.865 0.000027516 2.495 -53.091110
 1.921 0.000027516 2.495 -53.091110
 1.976 0.000027669 2.495 -53.091110
 2.038 0.000027821 2.495 -53.091110
 2.092 0.000027974 2.495 -53.091110
 2.151 0.000027974 2.495 -53.091110
 2.207 0.000028127 2.495 -53.091110
 2.265 0.000027821 2.495 -53.091110
 2.319 0.000027821 2.495 -53.091110
 2.377 0.000028279 2.495 -53.091110
 2.431 0.000027821 2.495 -53.091110
 2.488 0.000027669 2.495 -53.091110
 2.544 0.000027821 2.495 -53.091110
 2.601 0.000027669 2.495 -53.091110
 2.656 0.000027669 2.495 -53.091110
 2.713 0.000027363 2.495 -53.091110
 2.769 0.000028127 2.495 -53.091110
 2.825 0.000027058 2.495 -53.091110
 2.880 0.000027363 2.495 -53.091110
 2.938 0.000028279 2.495 -53.091110
 2.993 0.000027363 2.495 -53.091110
 3.049 0.000027821 2.495 -53.091110
 3.107 0.000027516 2.495 -53.091110
 3.161 0.000027363 2.495 -53.091110
 3.218 0.000027821 2.495 -53.091110
 3.274 0.000027058 2.495 -53.091110
 3.332 0.000027363 2.495 -53.091110
 3.386 0.000027669 2.495 -53.091110
 3.445 0.000027821 2.495 -53.091110
 3.498 0.000027821 2.495 -53.091110
 3.556 0.000027058 2.495 -53.091110
 3.611 0.000027974 2.495 -53.091110
 3.668 0.000027363 2.495 -53.091110
 3.724 0.000027669 2.495 -53.091110
 3.782 0.000027974 2.495 -53.091110
 3.835 0.000027974 2.495 -53.091110
 3.894 0.000027669 2.495 -53.091110
 3.949 0.000027516 2.495 -53.091110
 4.007 0.000027363 2.495 -53.091110
 4.062 0.000027363 2.495 -53.091110
 4.120 0.000027516 2.495 -53.091110
 4.176 0.000027821 2.495 -53.091110
 4.232 0.000027516 2.495 -53.091110
 4.289 0.000027821 2.495 -53.091110
 4.344 0.000027210 2.495 -53.091110
 4.399 0.000027669 2.495 -53.091110
 4.454 0.000027669 2.495 -53.091110
 4.513 0.000027516 2.495 -53.091110
 4.567 0.000027974 2.495 -53.091110
 4.623 0.000027669 2.495 -53.091110
 4.679 0.000027516 2.495 -53.091110
 4.735 0.000027516 2.495 -53.091110
 4.789 0.000027821 2.495 -53.091110
 4.847 0.000028127 2.495 -53.091110
 4.902 0.000028127 2.495 -53.091110
 4.959 0.000027669 2.495 -53.091110
 5.015 0.000027821 2.495 -53.091110
 5.071 0.000027363 2.495 -53.091110
 5.127 0.000027516 2.495 -53.091110
 5.183 0.000028127 2.495 -53.091110
 5.238 0.000027210 2.495 -53.091110
 5.294 0.000027669 2.495 -53.091110
 5.349 0.000026905 2.495 -53.091110
 5.405 0.000027363 2.495 -53.091110
 5.462 0.000027669 2.495 -53.091110
 5.517 0.000026600 2.495 -53.091110
 5.575 0.000027210 2.495 -53.091110
 5.629 0.000027669 2.495 -53.091110
 5.687 0.000027669 2.495 -53.091110
 5.741 0.000027516 2.495 -53.091110
 5.799 0.000028127 2.495 -53.091110
 5.855 0.000027363 2.495 -53.091110
 5.916 0.000027516 2.495 -53.091110
 5.970 0.000027974 2.495 -53.091110
 6.027 0.000027363 2.495 -53.091110
 6.082 0.000027516 2.495 -53.091110
 6.142 0.000027058 2.495 -53.091110
 6.197 0.000027516 2.495 -53.091110
 6.254 0.000027363 2.495 -53.091110
 6.310 0.000027210 2.495 -53.091110
 6.368 0.000027516 2.495 -53.091110
 6.423 0.000027363 2.495 -53.091110
 6.480 0.000027821 2.495 -53.091110
 6.535 0.000026600 2.495 -53.091110
 6.593 0.000027669 2.495 -53.091110
 6.650 0.000027363 2.495 -53.091110
 6.706 0.000027516 2.495 -53.091110
 6.762 0.000027669 2.495 -53.091110
 6.818 0.000027210 2.495 -53.091110
 6.874 0.000027516 2.495 -53.091110
 6.930 0.000027363 2.495 -53.091110
 6.988 0.000027210 2.495 -53.091110
 7.044 0.000027516 2.495 -53.091110
 7.099 0.000026905 2.495 -53.091110
 7.154 0.000027669 2.495 -53.091110
 7.211 0.000027363 2.495 -53.091110
 7.267 0.000027363 2.495 -53.091110
 7.321 0.000026752 2.495 -53.091110
 7.377 0.000027516 2.495 -53.091110
 7.436 0.000027210 2.495 -53.091110
 7.491 0.000027058 2.495 -53.091110
 7.549 0.000027210 2.495 -53.091110
 7.604 0.000027210 2.495 -53.091110
 7.661 0.000026905 2.495 -53.091110
 7.715 0.000027210 2.495 -53.091110
 7.773 0.000027058 2.495 -53.091110
 7.828 0.000027363 2.495 -53.091110
 7.885 0.000027210 2.495 -53.091110
 7.942 0.000026905 2.495 -53.091110
 7.997 0.000027516 2.495 -53.091110
 8.053 0.000027669 2.495 -53.091110
 8.109 0.000027058 2.495 -53.091110
 8.166 0.000027210 2.495 -53.091110
 8.221 0.000027058 2.495 -53.091110
 8.278 0.000026905 2.495 -53.091110
 8.334 0.000027516 2.495 -53.091110
 8.392 0.000027363 2.495 -53.091110
 8.446 0.000026600 2.495 -53.091110
 8.505 0.000027058 2.495 -53.091110
 8.561 0.000027363 2.495 -53.091110
 8.618 0.000026905 2.495 -53.091110
 8.672 0.000027058 2.495 -53.091110
 8.731 0.000027516 2.495 -53.091110
 8.786 0.000027058 2.495 -53.091110
 8.843 0.000027210 2.495 -53.091110
 8.900 0.000026600 2.495 -53.091110
 8.957 0.000027058 2.495 -53.091110
 9.012 0.000026905 2.495 -53.091110
 9.070 0.000027669 2.495 -53.091110
 9.125 0.000027058 2.495 -53.091110
 9.182 0.000027210 2.495 -53.091110
 9.237 0.000027058 2.495 -53.091110
 9.294 0.000027516 2.495 -53.091110
 9.349 0.000027669 2.495 -53.091110
 9.406 0.000027210 2.495 -53.091110
 9.464 0.000026752 2.495 -53.091110
 9.519 0.000026752 2.495 -53.091110
 9.577 0.000027210 2.495 -53.091110
 9.632 0.000027210 2.495 -53.091110
 9.689 0.000027363 2.495 -53.091110
 9.745 0.000027363 2.495 -53.091110
 9.803 0.000026752 2.495 -53.091110
 9.857 0.000026905 2.495 -53.091110
 9.913 0.000026447 2.495 -53.091110
 9.968 0.000027058 2.495 -53.091110
 10.026 0.000026600 2.495 -53.091110
 10.081 0.000026905 2.495 -53.091110
 10.139 0.000027210 2.495 -53.091110
 10.195 0.000027669 2.495 -53.091110
 10.249 0.000027058 2.495 -53.091110
 10.304 0.000027210 2.495 -53.091110
 10.361 0.000027669 2.495 -53.091110
 10.416 0.000027210 2.495 -53.091110
 10.471 0.000026752 2.495 -53.091110
 10.527 0.000027516 2.495 -53.091110
 10.583 0.000027363 2.495 -53.091110
 10.640 0.000027210 2.495 -53.091110
 10.695 0.000026905 2.495 -53.091110
 10.752 0.000026447 2.495 -53.091110
 10.808 0.000026600 2.495 -53.091110
 10.866 0.000026447 2.495 -53.091110
 10.921 0.000026447 2.495 -53.091110
 10.979 0.000026752 2.495 -53.091110
 11.033 0.000026447 2.495 -53.091110
 11.090 0.000026447 2.495 -53.091110
 11.145 0.000026905 2.495 -53.091110
 11.203 0.000026905 2.495 -53.091110
 11.257 0.000027058 2.495 -53.091110
 11.314 0.000026905 2.495 -53.091110
 11.371 0.000027058 2.495 -53.091110
 11.428 0.000026600 2.495 -53.091110
 11.484 0.000026447 2.495 -53.091110
 11.541 0.000026905 2.495 -53.091110
 11.597 0.000026294 2.495 -53.091110
 11.654 0.000027210 2.495 -53.091110
 11.710 0.000026600 2.495 -53.091110
 11.767 0.000026600 2.495 -53.091110
 11.824 0.000026752 2.495 -53.091110
 11.881 0.000027210 2.495 -53.091110
 11.937 0.000027058 2.495 -53.091110
 11.993 0.000027210 2.495 -53.091110
 12.051 0.000026294 2.495 -53.091110
 12.106 0.000026905 2.495 -53.091110
 12.163 0.000026600 2.495 -53.091110
 12.220 0.000027516 2.495 -53.091110
 12.274 0.000026294 2.495 -53.091110
 12.329 0.000026752 2.495 -53.091110
 12.387 0.000026905 2.495 -53.091110
 12.442 0.000026447 2.495 -53.091110
 12.500 0.000026905 2.495 -53.091110
 12.555 0.000026447 2.495 -53.091110
 12.612 0.000026294 2.495 -53.091110
 12.668 0.000026142 2.495 -53.091110
 12.728 0.000027363 2.495 -53.091110
 12.782 0.000026905 2.495 -53.091110
 12.839 0.000026294 2.495 -53.091110
 12.894 0.000026142 2.495 -53.091110
 12.953 0.000026905 2.495 -53.091110
 13.007 0.000026294 2.495 -53.091110
 13.066 0.000026905 2.495 -53.091110
 13.123 0.000027516 2.495 -53.091110
 13.178 0.000027058 2.495 -53.091110
 13.234 0.000026600 2.495 -53.091110
 13.290 0.000026447 2.495 -53.091110
 13.347 0.000026600 2.495 -53.091110
 13.402 0.000026447 2.495 -53.091110
 13.461 0.000026600 2.495 -53.091110
 13.516 0.000026752 2.495 -53.091110
 13.574 0.000026447 2.495 -53.091110
 13.628 0.000026600 2.495 -53.091110
 13.686 0.000026600 2.495 -53.091110
 13.740 0.000026752 2.495 -53.091110
 13.798 0.000026294 2.495 -53.091110
 13.853 0.000025531 2.495 -53.091110
 13.911 0.000026905 2.495 -53.091110
 13.965 0.000027058 2.495 -53.091110
 14.024 0.000026600 2.495 -53.091110
 14.079 0.000026294 2.495 -53.091110
 14.137 0.000025989 2.495 -53.091110
 14.193 0.000026600 2.495 -53.091110
 14.251 0.000026447 2.495 -53.091110
 14.306 0.000026905 2.495 -53.091110
   1    2 -0.008 0.000001100 2.546 -54.163654
 0.013 0.000024309 2.546 -54.163654
 0.044 0.000040037 2.546 -54.163654
 0.090 0.000046450 2.546 -54.163654
 0.145 0.000048282 2.546 -54.163654
 0.199 0.000048130 2.546 -54.163654
 0.257 0.000048435 2.546 -54.163654
 0.313 0.000048740 2.546 -54.163654
 0.371 0.000049351 2.546 -54.163654
 0.426 0.000048893 2.546 -54.163654
 0.483 0.000048435 2.546 -54.163654
 0.537 0.000049046 2.546 -54.163654
 0.596 0.000048740 2.546 -54.163654
 0.649 0.000048893 2.546 -54.163654
 0.706 0.000048893 2.546 -54.163654
 0.761 0.000049198 2.546 -54.163654
 0.818 0.000048740 2.546 -54.163654
 0.873 0.000048588 2.546 -54.163654
 0.929 0.000048740 2.546 -54.163654
 0.985 0.000049198 2.546 -54.163654
 1.040 0.000048893 2.546 -54.163654
 1.098 0.000048893 2.546 -54.163654
 1.153 0.000048588 2.546 -54.163654
 1.212 0.000049046 2.546 -54.163654
 1.267 0.000048893 2.546 -54.163654
 1.324 0.000048893 2.546 -54.163654
 1.378 0.000048588 2.546 -54.163654
 1.436 0.000049198 2.546 -54.163654
 1.491 0.000049046 2.546 -54.163654
 1.549 0.000049504 2.546 -54.163654
 1.603 0.000049351 2.546 -54.163654
 1.664 0.000049351 2.546 -54.163654
 1.718 0.000049046 2.546 -54.163654
 1.776 0.000048893 2.546 -54.163654
 1.831 0.000048893 2.546 -54.163654
 1.889 0.000049046 2.546 -54.163654
 1.944 0.000049046 2.546 -54.163654
 2.004 0.000048893 2.546 -54.163654
 2.060 0.000048740 2.546 -54.163654
 2.119 0.000048893 2.546 -54.163654
 2.174 0.000048588 2.546 -54.163654
 2.231 0.000049046 2.546 -54.163654
 2.287 0.000049198 2.546 -54.163654
 2.343 0.000049046 2.546 -54.163654
 2.400 0.000049198 2.546 -54.163654
 2.454 0.000048740 2.546 -54.163654
 2.512 0.000048740 2.546 -54.163654
 2.565 0.000049198 2.546 -54.163654
 2.623 0.000048893 2.546 -54.163654
 2.678 0.000049198 2.546 -54.163654
 2.737 0.000049351 2.546 -54.163654
 2.790 0.000048588 2.546 -54.163654
 2.848 0.000048588 2.546 -54.163654
 2.902 0.000049046 2.546 -54.163654
 2.961 0.000049504 2.546 -54.163654
 3.016 0.000049046 2.546 -54.163654
 3.074 0.000048893 2.546 -54.163654
 3.129 0.000049046 2.546 -54.163654
 3.186 0.000048893 2.546 -54.163654
 3.242 0.000049198 2.546 -54.163654
 3.300 0.000048893 2.546 -54.163654
 3.354 0.000048588 2.546 -54.163654
 3.412 0.000048893 2.546 -54.163654
 3.466 0.000048893 2.546 -54.163654
 3.523 0.000049504 2.546 -54.163654
 3.579 0.000048893 2.546 -54.163654
 3.635 0.000048588 2.546 -54.163654
 3.692 0.000048588 2.546 -54.163654
 3.749 0.000048588 2.546 -54.163654
 3.802 0.000048282 2.546 -54.163654
 3.857 0.000048740 2.546 -54.163654
 3.917 0.000049046 2.546 -54.163654
 3.971 0.000048893 2.546 -54.163654
 4.029 0.000049046 2.546 -54.163654
 4.085 0.000048435 2.546 -54.163654
 4.144 0.000048435 2.546 -54.163654
 4.198 0.000049046 2.546 -54.163654
 4.256 0.000049351 2.546 -54.163654
 4.311 0.000049198 2.546 -54.163654
 4.368 0.000048588 2.546 -54.163654
 4.422 0.000048588 2.546 -54.163654
 4.480 0.000049198 2.546 -54.163654
 4.535 0.000048740 2.546 -54.163654
 4.591 0.000048740 2.546 -54.163654
 4.647 0.000048740 2.546 -54.163654
 4.702 0.000048130 2.546 -54.163654
 4.758 0.000049046 2.546 -54.163654
 4.813 0.000048893 2.546 -54.163654
 4.870 0.000049351 2.546 -54.163654
 4.924 0.000048740 2.546 -54.163654
 4.982 0.000048740 2.546 -54.163654
 5.037 0.000048435 2.546 -54.163654
 5.095 0.000049198 2.546 -54.163654
 5.148 0.000048588 2.546 -54.163654
 5.206 0.000048740 2.546 -54.163654
 5.259 0.000048588 2.546 -54.163654
 5.316 0.000049046 2.546 -54.163654
 5.371 0.000049351 2.546 -54.163654
 5.430 0.000048893 2.546 -54.163654
 5.485 0.000049046 2.546 -54.163654
 5.543 0.000048740 2.546 -54.163654
 5.598 0.000048740 2.546 -54.163654
 5.654 0.000049046 2.546 -54.163654
 5.710 0.000048588 2.546 -54.163654
 5.767 0.000048893 2.546 -54.163654
 5.822 0.000048740 2.546 -54.163654
 5.881 0.000048282 2.546 -54.163654
 5.938 0.000049046 2.546 -54.163654
 5.992 0.000049046 2.546 -54.163654
 6.050 0.000049046 2.546 -54.163654
 6.107 0.000048130 2.546 -54.163654
 6.164 0.000048740 2.546 -54.163654
 6.220 0.000048130 2.546 -54.163654
 6.277 0.000048435 2.546 -54.163654
 6.332 0.000048435 2.546 -54.163654
 6.392 0.000048435 2.546 -54.163654
 6.446 0.000048893 2.546 -54.163654
 6.503 0.000048740 2.546 -54.163654
 6.557 0.000048435 2.546 -54.163654
 6.617 0.000048282 2.546 -54.163654
 6.672 0.000048588 2.546 -54.163654
 6.730 0.000048893 2.546 -54.163654
 6.785 0.000048588 2.546 -54.163654
 6.842 0.000048282 2.546 -54.163654
 6.897 0.000048893 2.546 -54.163654
 6.956 0.000048435 2.546 -54.163654
 7.011 0.000048435 2.546 -54.163654
 7.067 0.000048435 2.546 -54.163654
 7.122 0.000048435 2.546 -54.163654
 7.179 0.000048435 2.546 -54.163654
 7.236 0.000048282 2.546 -54.163654
 7.287 0.000048435 2.546 -54.163654
 7.344 0.000048435 2.546 -54.163654
 7.401 0.000048435 2.546 -54.163654
 7.459 0.000048588 2.546 -54.163654
 7.514 0.000048740 2.546 -54.163654
 7.572 0.000048740 2.546 -54.163654
 7.625 0.000048130 2.546 -54.163654
 7.684 0.000049046 2.546 -54.163654
 7.738 0.000048588 2.546 -54.163654
 7.795 0.000048435 2.546 -54.163654
 7.850 0.000048588 2.546 -54.163654
 7.909 0.000048893 2.546 -54.163654
 7.963 0.000048740 2.546 -54.163654
 8.021 0.000048435 2.546 -54.163654
 8.076 0.000048130 2.546 -54.163654
 8.134 0.000047977 2.546 -54.163654
 8.188 0.000048588 2.546 -54.163654
 8.246 0.000049046 2.546 -54.163654
 8.301 0.000049198 2.546 -54.163654
 8.359 0.000048588 2.546 -54.163654
 8.414 0.000048893 2.546 -54.163654
 8.473 0.000048282 2.546 -54.163654
 8.528 0.000048740 2.546 -54.163654
 8.584 0.000048435 2.546 -54.163654
 8.639 0.000048435 2.546 -54.163654
 8.696 0.000048893 2.546 -54.163654
 8.752 0.000048130 2.546 -54.163654
 8.809 0.000048435 2.546 -54.163654
 8.867 0.000049046 2.546 -54.163654
 8.922 0.000047977 2.546 -54.163654
 8.980 0.000048130 2.546 -54.163654
 9.035 0.000048588 2.546 -54.163654
 9.093 0.000048282 2.546 -54.163654
 9.147 0.000047977 2.546 -54.163654
 9.203 0.000048282 2.546 -54.163654
 9.259 0.000048130 2.546 -54.163654
 9.317 0.000048435 2.546 -54.163654
 9.372 0.000048588 2.546 -54.163654
 9.432 0.000048130 2.546 -54.163654
 9.487 0.000048130 2.546 -54.163654
 9.544 0.000048435 2.546 -54.163654
 9.600 0.000048282 2.546 -54.163654
 9.658 0.000048282 2.546 -54.163654
 9.712 0.000048130 2.546 -54.163654
 9.769 0.000048588 2.546 -54.163654
 9.824 0.000048893 2.546 -54.163654
 9.878 0.000047977 2.546 -54.163654
 9.936 0.000048740 2.546 -54.163654
 9.991 0.000048282 2.546 -54.163654
 10.049 0.000047824 2.546 -54.163654
 10.103 0.000048893 2.546 -54.163654
 10.162 0.000048588 2.546 -54.163654
 10.214 0.000048740 2.546 -54.163654
 10.271 0.000048282 2.546 -54.163654
 10.326 0.000048130 2.546 -54.163654
 10.383 0.000047977 2.546 -54.163654
 10.437 0.000047977 2.546 -54.163654
 10.495 0.000048588 2.546 -54.163654
 10.550 0.000048282 2.546 -54.163654
 10.608 0.000048282 2.546 -54.163654
 10.663 0.000048130 2.546 -54.163654
 10.720 0.000048282 2.546 -54.163654
 10.775 0.000048130 2.546 -54.163654
 10.834 0.000048588 2.546 -54.163654
 10.890 0.000048282 2.546 -54.163654
 10.945 0.000048435 2.546 -54.163654
 11.001 0.000048435 2.546 -54.163654
 11.056 0.000047519 2.546 -54.163654
 11.112 0.000048435 2.546 -54.163654
 11.168 0.000048435 2.546 -54.163654
 11.224 0.000047977 2.546 -54.163654
 11.280 0.000048130 2.546 -54.163654
 11.338 0.000047977 2.546 -54.163654
 11.393 0.000048282 2.546 -54.163654
 11.452 0.000048435 2.546 -54.163654
 11.507 0.000048588 2.546 -54.163654
 11.565 0.000047824 2.546 -54.163654
 11.620 0.000048435 2.546 -54.163654
 11.677 0.000047519 2.546 -54.163654
 11.733 0.000047671 2.546 -54.163654
 11.793 0.000048282 2.546 -54.163654
 11.847 0.000047671 2.546 -54.163654
 11.904 0.000048130 2.546 -54.163654
 11.960 0.000047977 2.546 -54.163654
 12.019 0.000048130 2.546 -54.163654
 12.073 0.000048130 2.546 -54.163654
 12.131 0.000048282 2.546 -54.163654
 12.186 0.000048435 2.546 -54.163654
 12.239 0.000047824 2.546 -54.163654
 12.297 0.000048893 2.546 -54.163654
 12.352 0.000047824 2.546 -54.163654
 12.409 0.000048130 2.546 -54.163654
 12.464 0.000048130 2.546 -54.163654
 12.523 0.000048282 2.546 -54.163654
 12.578 0.000047977 2.546 -54.163654
 12.635 0.000047671 2.546 -54.163654
 12.690 0.000047671 2.546 -54.163654
 12.750 0.000048435 2.546 -54.163654
 12.804 0.000047519 2.546 -54.163654
 12.863 0.000048282 2.546 -54.163654
 12.918 0.000048130 2.546 -54.163654
 12.976 0.000048130 2.546 -54.163654
 13.031 0.000048130 2.546 -54.163654
 13.091 0.000047977 2.546 -54.163654
 13.143 0.000048282 2.546 -54.163654
 13.202 0.000047977 2.546 -54.163654
 13.256 0.000047977 2.546 -54.163654
 13.314 0.000047977 2.546 -54.163654
 13.370 0.000048130 2.546 -54.163654
 13.430 0.000048435 2.546 -54.163654
 13.484 0.000047824 2.546 -54.163654
 13.541 0.000047977 2.546 -54.163654
 13.595 0.000047824 2.546 -54.163654
 13.653 0.000047977 2.546 -54.163654
 13.709 0.000047824 2.546 -54.163654
 13.764 0.000048282 2.546 -54.163654
 13.821 0.000047213 2.546 -54.163654
 13.876 0.000047519 2.546 -54.163654
 13.933 0.000047824 2.546 -54.163654
 13.988 0.000047671 2.546 -54.163654
 14.046 0.000047977 2.546 -54.163654
 14.101 0.000047519 2.546 -54.163654
 14.161 0.000047671 2.546 -54.163654
 14.216 0.000047213 2.546 -54.163654
 14.274 0.000048130 2.546 -54.163654
   1    3 -0.008 0.000002169 2.596 -55.236202
 0.005 0.000029501 2.596 -55.236202
 0.024 0.000054695 2.596 -55.236202
 0.052 0.000074087 2.596 -55.236202
 0.094 0.000082333 2.596 -55.236202
 0.148 0.000084623 2.596 -55.236202
 0.201 0.000085692 2.596 -55.236202
 0.261 0.000085845 2.596 -55.236202
 0.316 0.000085845 2.596 -55.236202
 0.373 0.000086456 2.596 -55.236202
 0.427 0.000086303 2.596 -55.236202
 0.483 0.000086761 2.596 -55.236202
 0.538 0.000086608 2.596 -55.236202
 0.595 0.000085845 2.596 -55.236202
 0.651 0.000086914 2.596 -55.236202
 0.707 0.000086303 2.596 -55.236202
 0.762 0.000086608 2.596 -55.236202
 0.819 0.000085998 2.596 -55.236202
 0.874 0.000086761 2.596 -55.236202
 0.931 0.000086761 2.596 -55.236202
 0.986 0.000086456 2.596 -55.236202
 1.042 0.000087066 2.596 -55.236202
 1.099 0.000086456 2.596 -55.236202
 1.155 0.000086303 2.596 -55.236202
 1.213 0.000086608 2.596 -55.236202
 1.269 0.000086303 2.596 -55.236202
 1.325 0.000086761 2.596 -55.236202
 1.379 0.000086914 2.596 -55.236202
 1.439 0.000086303 2.596 -55.236202
 1.493 0.000086303 2.596 -55.236202
 1.550 0.000086608 2.596 -55.236202
 1.606 0.000086456 2.596 -55.236202
 1.664 0.000086456 2.596 -55.236202
 1.719 0.000086303 2.596 -55.236202
 1.777 0.000086456 2.596 -55.236202
 1.832 0.000086761 2.596 -55.236202
 1.890 0.000086608 2.596 -55.236202
 1.947 0.000086761 2.596 -55.236202
 2.006 0.000086303 2.596 -55.236202
 2.061 0.000086914 2.596 -55.236202
 2.121 0.000086608 2.596 -55.236202
 2.177 0.000086456 2.596 -55.236202
 2.234 0.000086608 2.596 -55.236202
 2.288 0.000086456 2.596 -55.236202
 2.345 0.000086914 2.596 -55.236202
 2.399 0.000086914 2.596 -55.236202
 2.456 0.000085998 2.596 -55.236202
 2.512 0.000086456 2.596 -55.236202
 2.567 0.000086761 2.596 -55.236202
 2.624 0.000086456 2.596 -55.236202
 2.680 0.000086914 2.596 -55.236202
 2.737 0.000086456 2.596 -55.236202
 2.791 0.000086608 2.596 -55.236202
 2.850 0.000086608 2.596 -55.236202
 2.905 0.000086914 2.596 -55.236202
 2.962 0.000087066 2.596 -55.236202
 3.018 0.000086761 2.596 -55.236202
 3.075 0.000086608 2.596 -55.236202
 3.129 0.000086456 2.596 -55.236202
 3.188 0.000085845 2.596 -55.236202
 3.244 0.000086456 2.596 -55.236202
 3.301 0.000086761 2.596 -55.236202
 3.356 0.000086914 2.596 -55.236202
 3.412 0.000086456 2.596 -55.236202
 3.467 0.000086303 2.596 -55.236202
 3.524 0.000086608 2.596 -55.236202
 3.580 0.000087066 2.596 -55.236202
 3.637 0.000086608 2.596 -55.236202
 3.693 0.000086456 2.596 -55.236202
 3.748 0.000086761 2.596 -55.236202
 3.804 0.000086608 2.596 -55.236202
 3.860 0.000086761 2.596 -55.236202
 3.918 0.000086456 2.596 -55.236202
 3.973 0.000085998 2.596 -55.236202
 4.032 0.000086303 2.596 -55.236202
 4.086 0.000086150 2.596 -55.236202
 4.145 0.000086150 2.596 -55.236202
 4.200 0.000086608 2.596 -55.236202
 4.258 0.000086150 2.596 -55.236202
 4.312 0.000086150 2.596 -55.236202
 4.369 0.000085998 2.596 -55.236202
 4.424 0.000085845 2.596 -55.236202
 4.483 0.000086150 2.596 -55.236202
 4.535 0.000086456 2.596 -55.236202
 4.592 0.000086303 2.596 -55.236202
 4.646 0.000086456 2.596 -55.236202
 4.703 0.000086150 2.596 -55.236202
 4.758 0.000085998 2.596 -55.236202
 4.814 0.000085845 2.596 -55.236202
 4.870 0.000086608 2.596 -55.236202
 4.927 0.000086608 2.596 -55.236202
 4.983 0.000086608 2.596 -55.236202
 5.038 0.000086608 2.596 -55.236202
 5.095 0.000086914 2.596 -55.236202
 5.149 0.000086761 2.596 -55.236202
 5.206 0.000086608 2.596 -55.236202
 5.259 0.000086456 2.596 -55.236202
 5.317 0.000086456 2.596 -55.236202
 5.373 0.000086303 2.596 -55.236202
 5.431 0.000085998 2.596 -55.236202
 5.486 0.000086608 2.596 -55.236202
 5.543 0.000086608 2.596 -55.236202
 5.598 0.000086914 2.596 -55.236202
 5.655 0.000086608 2.596 -55.236202
 5.711 0.000087066 2.596 -55.236202
 5.769 0.000086914 2.596 -55.236202
 5.824 0.000086608 2.596 -55.236202
 5.882 0.000086914 2.596 -55.236202
 5.938 0.000086456 2.596 -55.236202
 5.996 0.000086456 2.596 -55.236202
 6.051 0.000087219 2.596 -55.236202
 6.108 0.000086914 2.596 -55.236202
 6.164 0.000086303 2.596 -55.236202
 6.220 0.000086150 2.596 -55.236202
 6.278 0.000085998 2.596 -55.236202
 6.334 0.000086150 2.596 -55.236202
 6.392 0.000086608 2.596 -55.236202
 6.447 0.000086608 2.596 -55.236202
 6.504 0.000086303 2.596 -55.236202
 6.559 0.000086608 2.596 -55.236202
 6.618 0.000086914 2.596 -55.236202
 6.673 0.000086303 2.596 -55.236202
 6.731 0.000085845 2.596 -55.236202
 6.786 0.000086608 2.596 -55.236202
 6.844 0.000086456 2.596 -55.236202
 6.899 0.000085845 2.596 -55.236202
 6.959 0.000086303 2.596 -55.236202
 7.011 0.000085998 2.596 -55.236202
 7.069 0.000086608 2.596 -55.236202
 7.123 0.000086761 2.596 -55.236202
 7.181 0.000086914 2.596 -55.236202
 7.233 0.000086303 2.596 -55.236202
 7.289 0.000086303 2.596 -55.236202
 7.346 0.000086914 2.596 -55.236202
 7.403 0.000086303 2.596 -55.236202
 7.461 0.000086456 2.596 -55.236202
 7.516 0.000085692 2.596 -55.236202
 7.571 0.000086303 2.596 -55.236202
 7.626 0.000086303 2.596 -55.236202
 7.684 0.000086456 2.596 -55.236202
 7.739 0.000085998 2.596 -55.236202
 7.796 0.000086150 2.596 -55.236202
 7.851 0.000086150 2.596 -55.236202
 7.909 0.000085998 2.596 -55.236202
 7.964 0.000086456 2.596 -55.236202
 8.022 0.000086761 2.596 -55.236202
 8.077 0.000086456 2.596 -55.236202
 8.135 0.000086914 2.596 -55.236202
 8.189 0.000086150 2.596 -55.236202
 8.248 0.000086608 2.596 -55.236202
 8.303 0.000086303 2.596 -55.236202
 8.361 0.000086456 2.596 -55.236202
 8.415 0.000086303 2.596 -55.236202
 8.474 0.000086456 2.596 -55.236202
 8.530 0.000086303 2.596 -55.236202
 8.584 0.000086303 2.596 -55.236202
 8.642 0.000086150 2.596 -55.236202
 8.697 0.000086303 2.596 -55.236202
 8.754 0.000085845 2.596 -55.236202
 8.811 0.000085845 2.596 -55.236202
 8.869 0.000086303 2.596 -55.236202
 8.923 0.000086303 2.596 -55.236202
 8.982 0.000086303 2.596 -55.236202
 9.036 0.000086761 2.596 -55.236202
 9.094 0.000086150 2.596 -55.236202
 9.148 0.000085998 2.596 -55.236202
 9.206 0.000085387 2.596 -55.236202
 9.260 0.000086456 2.596 -55.236202
 9.319 0.000085845 2.596 -55.236202
 9.375 0.000085998 2.596 -55.236202
 9.433 0.000085539 2.596 -55.236202
 9.487 0.000085539 2.596 -55.236202
 9.547 0.000085998 2.596 -55.236202
 9.602 0.000085845 2.596 -55.236202
 9.659 0.000086150 2.596 -55.236202
 9.713 0.000086303 2.596 -55.236202
 9.771 0.000086303 2.596 -55.236202
 9.824 0.000086456 2.596 -55.236202
 9.880 0.000086608 2.596 -55.236202
 9.938 0.000086608 2.596 -55.236202
 9.992 0.000086608 2.596 -55.236202
 10.048 0.000086608 2.596 -55.236202
 10.105 0.000086914 2.596 -55.236202
 10.159 0.000086914 2.596 -55.236202
 10.214 0.000086150 2.596 -55.236202
 10.272 0.000086761 2.596 -55.236202
 10.327 0.000086303 2.596 -55.236202
 10.383 0.000085998 2.596 -55.236202
 10.439 0.000086303 2.596 -55.236202
 10.496 0.000086303 2.596 -55.236202
 10.551 0.000086303 2.596 -55.236202
 10.609 0.000086608 2.596 -55.236202
 10.664 0.000085998 2.596 -55.236202
 10.720 0.000086150 2.596 -55.236202
 10.776 0.000086761 2.596 -55.236202
 10.836 0.000086456 2.596 -55.236202
 10.890 0.000085845 2.596 -55.236202
 10.945 0.000086303 2.596 -55.236202
 11.001 0.000085539 2.596 -55.236202
 11.058 0.000085998 2.596 -55.236202
 11.114 0.000086608 2.596 -55.236202
 11.168 0.000086761 2.596 -55.236202
 11.226 0.000085845 2.596 -55.236202
 11.281 0.000086150 2.596 -55.236202
 11.339 0.000086456 2.596 -55.236202
 11.394 0.000085998 2.596 -55.236202
 11.452 0.000086303 2.596 -55.236202
 11.508 0.000085998 2.596 -55.236202
 11.566 0.000085998 2.596 -55.236202
 11.621 0.000085692 2.596 -55.236202
 11.678 0.000085845 2.596 -55.236202
 11.733 0.000086608 2.596 -55.236202
 11.793 0.000086456 2.596 -55.236202
 11.847 0.000085845 2.596 -55.236202
 11.906 0.000085845 2.596 -55.236202
 11.961 0.000085845 2.596 -55.236202
 12.019 0.000085692 2.596 -55.236202
 12.074 0.000085539 2.596 -55.236202
 12.133 0.000086150 2.596 -55.236202
 12.184 0.000086303 2.596 -55.236202
 12.241 0.000085539 2.596 -55.236202
 12.298 0.000085692 2.596 -55.236202
 12.353 0.000086303 2.596 -55.236202
 12.410 0.000086608 2.596 -55.236202
 12.465 0.000086150 2.596 -55.236202
 12.523 0.000086150 2.596 -55.236202
 12.579 0.000085998 2.596 -55.236202
 12.637 0.000085845 2.596 -55.236202
 12.693 0.000085692 2.596 -55.236202
 12.750 0.000086150 2.596 -55.236202
 12.806 0.000085845 2.596 -55.236202
 12.863 0.000086150 2.596 -55.236202
 12.919 0.000086150 2.596 -55.236202
 12.976 0.000085998 2.596 -55.236202
 13.033 0.000086303 2.596 -55.236202
 13.089 0.000085998 2.596 -55.236202
 13.144 0.000085998 2.596 -55.236202
 13.203 0.000085539 2.596 -55.236202
 13.258 0.000086150 2.596 -55.236202
 13.316 0.000085998 2.596 -55.236202
 13.371 0.000086150 2.596 -55.236202
 13.430 0.000085998 2.596 -55.236202
 13.484 0.000086303 2.596 -55.236202
 13.541 0.000086150 2.596 -55.236202
 13.597 0.000085998 2.596 -55.236202
 13.653 0.000085692 2.596 -55.236202
 13.710 0.000086150 2.596 -55.236202
 13.764 0.000085539 2.596 -55.236202
 13.822 0.000085998 2.596 -55.236202
 13.877 0.000085692 2.596 -55.236202
 13.934 0.000085845 2.596 -55.236202
 13.988 0.000085845 2.596 -55.236202
 14.047 0.000085998 2.596 -55.236202
 14.104 0.000085998 2.596 -55.236202
 14.162 0.000085845 2.596 -55.236202
 14.217 0.000085998 2.596 -55.236202
   1    4 -0.010 0.000000794 2.647 -56.308750
 0.002 0.000034082 2.647 -56.308750
 0.010 0.000064468 2.647 -56.308750
 0.022 0.000092716 2.647 -56.308750
 0.041 0.000117147 2.647 -56.308750
 0.072 0.000134096 2.647 -56.308750
 0.118 0.000143105 2.647 -56.308750
 0.171 0.000145701 2.647 -56.308750
 0.226 0.000147533 2.647 -56.308750
 0.280 0.000148144 2.647 -56.308750
 0.335 0.000147991 2.647 -56.308750
 0.389 0.000149213 2.647 -56.308750
 0.446 0.000149213 2.647 -56.308750
 0.502 0.000148907 2.647 -56.308750
 0.556 0.000149060 2.647 -56.308750
 0.614 0.000149060 2.647 -56.308750
 0.669 0.000149213 2.647 -56.308750
 0.726 0.000149365 2.647 -56.308750
 0.781 0.000149518 2.647 -56.308750
 0.839 0.000149060 2.647 -56.308750
 0.894 0.000148907 2.647 -56.308750
 0.951 0.000149213 2.647 -56.308750
 1.006 0.000149671 2.647 -56.308750
 1.064 0.000150129 2.647 -56.308750
 1.119 0.000149518 2.647 -56.308750
 1.178 0.000149060 2.647 -56.308750
 1.232 0.000149518 2.647 -56.308750
 1.288 0.000149213 2.647 -56.308750
 1.344 0.000148907 2.647 -56.308750
 1.400 0.000149518 2.647 -56.308750
 1.458 0.000149060 2.647 -56.308750
 1.513 0.000149213 2.647 -56.308750
 1.570 0.000149823 2.647 -56.308750
 1.625 0.000149060 2.647 -56.308750
 1.684 0.000149365 2.647 -56.308750
 1.738 0.000149213 2.647 -56.308750
 1.796 0.000148907 2.647 -56.308750
 1.852 0.000149060 2.647 -56.308750
 1.911 0.000149823 2.647 -56.308750
 1.967 0.000149060 2.647 -56.308750
 2.025 0.000150129 2.647 -56.308750
 2.081 0.000149823 2.647 -56.308750
 2.141 0.000148907 2.647 -56.308750
 2.195 0.000149213 2.647 -56.308750
 2.252 0.000149671 2.647 -56.308750
 2.306 0.000149976 2.647 -56.308750
 2.363 0.000149518 2.647 -56.308750
 2.416 0.000149823 2.647 -56.308750
 2.477 0.000149365 2.647 -56.308750
 2.531 0.000149518 2.647 -56.308750
 2.588 0.000149671 2.647 -56.308750
 2.642 0.000149671 2.647 -56.308750
 2.698 0.000149976 2.647 -56.308750
 2.755 0.000150282 2.647 -56.308750
 2.810 0.000150434 2.647 -56.308750
 2.868 0.000149976 2.647 -56.308750
 2.924 0.000150282 2.647 -56.308750
 2.981 0.000149823 2.647 -56.308750
 3.035 0.000149518 2.647 -56.308750
 3.095 0.000150129 2.647 -56.308750
 3.150 0.000149518 2.647 -56.308750
 3.207 0.000149671 2.647 -56.308750
 3.261 0.000149365 2.647 -56.308750
 3.319 0.000149976 2.647 -56.308750
 3.373 0.000149671 2.647 -56.308750
 3.431 0.000149976 2.647 -56.308750
 3.485 0.000150434 2.647 -56.308750
 3.544 0.000149671 2.647 -56.308750
 3.599 0.000149823 2.647 -56.308750
 3.656 0.000149518 2.647 -56.308750
 3.711 0.000149671 2.647 -56.308750
 3.769 0.000149671 2.647 -56.308750
 3.823 0.000149365 2.647 -56.308750
 3.882 0.000149671 2.647 -56.308750
 3.938 0.000149365 2.647 -56.308750
 3.995 0.000149671 2.647 -56.308750
 4.050 0.000149671 2.647 -56.308750
 4.107 0.000149823 2.647 -56.308750
 4.164 0.000149213 2.647 -56.308750
 4.219 0.000149976 2.647 -56.308750
 4.275 0.000149060 2.647 -56.308750
 4.332 0.000149976 2.647 -56.308750
 4.388 0.000149976 2.647 -56.308750
 4.441 0.000149671 2.647 -56.308750
 4.498 0.000149365 2.647 -56.308750
 4.552 0.000149976 2.647 -56.308750
 4.610 0.000149823 2.647 -56.308750
 4.665 0.000149671 2.647 -56.308750
 4.722 0.000148755 2.647 -56.308750
 4.776 0.000149365 2.647 -56.308750
 4.835 0.000149213 2.647 -56.308750
 4.889 0.000149365 2.647 -56.308750
 4.947 0.000150129 2.647 -56.308750
 5.000 0.000149213 2.647 -56.308750
 5.057 0.000149518 2.647 -56.308750
 5.111 0.000149976 2.647 -56.308750
 5.167 0.000149213 2.647 -56.308750
 5.224 0.000149671 2.647 -56.308750
 5.280 0.000149365 2.647 -56.308750
 5.336 0.000149976 2.647 -56.308750
 5.392 0.000149518 2.647 -56.308750
 5.449 0.000149976 2.647 -56.308750
 5.502 0.000150282 2.647 -56.308750
 5.561 0.000149365 2.647 -56.308750
 5.616 0.000150129 2.647 -56.308750
 5.675 0.000149365 2.647 -56.308750
 5.731 0.000149823 2.647 -56.308750
 5.788 0.000149518 2.647 -56.308750
 5.842 0.000149976 2.647 -56.308750
 5.905 0.000149213 2.647 -56.308750
 5.958 0.000149365 2.647 -56.308750
 6.015 0.000149365 2.647 -56.308750
 6.070 0.000149365 2.647 -56.308750
 6.129 0.000149671 2.647 -56.308750
 6.184 0.000149518 2.647 -56.308750
 6.243 0.000149671 2.647 -56.308750
 6.298 0.000149518 2.647 -56.308750
 6.355 0.000149518 2.647 -56.308750
 6.410 0.000150282 2.647 -56.308750
 6.466 0.000149671 2.647 -56.308750
 6.524 0.000149518 2.647 -56.308750
 6.580 0.000149365 2.647 -56.308750
 6.638 0.000149365 2.647 -56.308750
 6.693 0.000149060 2.647 -56.308750
 6.751 0.000149060 2.647 -56.308750
 6.806 0.000149823 2.647 -56.308750
 6.863 0.000149060 2.647 -56.308750
 6.916 0.000148907 2.647 -56.308750
 6.975 0.000149671 2.647 -56.308750
 7.029 0.000149823 2.647 -56.308750
 7.087 0.000150282 2.647 -56.308750
 7.139 0.000149518 2.647 -56.308750
 7.197 0.000149823 2.647 -56.308750
 7.252 0.000149365 2.647 -56.308750
 7.310 0.000149213 2.647 -56.308750
 7.366 0.000149823 2.647 -56.308750
 7.424 0.000149976 2.647 -56.308750
 7.478 0.000149823 2.647 -56.308750
 7.535 0.000149671 2.647 -56.308750
 7.590 0.000150282 2.647 -56.308750
 7.646 0.000149213 2.647 -56.308750
 7.703 0.000149823 2.647 -56.308750
 7.758 0.000150129 2.647 -56.308750
 7.813 0.000149671 2.647 -56.308750
 7.870 0.000149671 2.647 -56.308750
 7.928 0.000149518 2.647 -56.308750
 7.984 0.000149671 2.647 -56.308750
 8.042 0.000149365 2.647 -56.308750
 8.096 0.000149518 2.647 -56.308750
 8.154 0.000149823 2.647 -56.308750
 8.209 0.000149518 2.647 -56.308750
 8.266 0.000149365 2.647 -56.308750
 8.321 0.000149976 2.647 -56.308750
 8.380 0.000150129 2.647 -56.308750
 8.434 0.000149060 2.647 -56.308750
 8.491 0.000149518 2.647 -56.308750
 8.547 0.000149976 2.647 -56.308750
 8.605 0.000149976 2.647 -56.308750
 8.659 0.000150282 2.647 -56.308750
 8.719 0.000149518 2.647 -56.308750
 8.774 0.000149671 2.647 -56.308750
 8.833 0.000149213 2.647 -56.308750
 8.887 0.000149823 2.647 -56.308750
 8.944 0.000150434 2.647 -56.308750
 8.999 0.000149823 2.647 -56.308750
 9.053 0.000149823 2.647 -56.308750
 9.111 0.000150434 2.647 -56.308750
 9.166 0.000149976 2.647 -56.308750
 9.224 0.000148602 2.647 -56.308750
 9.281 0.000149823 2.647 -56.308750
 9.339 0.000149060 2.647 -56.308750
 9.394 0.000149213 2.647 -56.308750
 9.451 0.000149518 2.647 -56.308750
 9.506 0.000149671 2.647 -56.308750
 9.564 0.000149213 2.647 -56.308750
 9.619 0.000149518 2.647 -56.308750
 9.676 0.000150129 2.647 -56.308750
 9.730 0.000150282 2.647 -56.308750
 9.788 0.000149365 2.647 -56.308750
 9.842 0.000149365 2.647 -56.308750
 9.901 0.000149671 2.647 -56.308750
 9.955 0.000149060 2.647 -56.308750
 10.013 0.000149823 2.647 -56.308750
 10.064 0.000148755 2.647 -56.308750
 10.122 0.000150282 2.647 -56.308750
 10.178 0.000150282 2.647 -56.308750
 10.234 0.000150282 2.647 -56.308750
 10.289 0.000149518 2.647 -56.308750
 10.345 0.000149060 2.647 -56.308750
 10.402 0.000149060 2.647 -56.308750
 10.457 0.000149671 2.647 -56.308750
 10.515 0.000149823 2.647 -56.308750
 10.569 0.000149365 2.647 -56.308750
 10.627 0.000149518 2.647 -56.308750
 10.681 0.000149365 2.647 -56.308750
 10.740 0.000148907 2.647 -56.308750
 10.794 0.000148907 2.647 -56.308750
 10.853 0.000149671 2.647 -56.308750
 10.907 0.000149671 2.647 -56.308750
 10.965 0.000149671 2.647 -56.308750
 11.020 0.000149060 2.647 -56.308750
 11.076 0.000149518 2.647 -56.308750
 11.130 0.000150129 2.647 -56.308750
 11.189 0.000149365 2.647 -56.308750
 11.244 0.000149365 2.647 -56.308750
 11.302 0.000149365 2.647 -56.308750
 11.358 0.000149060 2.647 -56.308750
 11.415 0.000149671 2.647 -56.308750
 11.471 0.000149060 2.647 -56.308750
 11.527 0.000149213 2.647 -56.308750
 11.585 0.000149671 2.647 -56.308750
 11.641 0.000149213 2.647 -56.308750
 11.697 0.000148907 2.647 -56.308750
 11.752 0.000148907 2.647 -56.308750
 11.812 0.000149213 2.647 -56.308750
 11.866 0.000149213 2.647 -56.308750
 11.925 0.000149823 2.647 -56.308750
 11.980 0.000149213 2.647 -56.308750
 12.038 0.000149823 2.647 -56.308750
 12.090 0.000148755 2.647 -56.308750
 12.148 0.000149060 2.647 -56.308750
 12.204 0.000148907 2.647 -56.308750
 12.261 0.000148907 2.647 -56.308750
 12.316 0.000149671 2.647 -56.308750
 12.373 0.000148907 2.647 -56.308750
 12.428 0.000149671 2.647 -56.308750
 12.487 0.000149823 2.647 -56.308750
 12.543 0.000149213 2.647 -56.308750
 12.601 0.000149365 2.647 -56.308750
 12.656 0.000149060 2.647 -56.308750
 12.713 0.000149823 2.647 -56.308750
 12.768 0.000149518 2.647 -56.308750
 12.825 0.000149365 2.647 -56.308750
 12.883 0.000149213 2.647 -56.308750
 12.938 0.000150129 2.647 -56.308750
 12.993 0.000149213 2.647 -56.308750
 13.049 0.000149365 2.647 -56.308750
 13.108 0.000149060 2.647 -56.308750
 13.163 0.000149671 2.647 -56.308750
 13.221 0.000149671 2.647 -56.308750
 13.277 0.000149213 2.647 -56.308750
 13.334 0.000148602 2.647 -56.308750
 13.389 0.000149060 2.647 -56.308750
 13.448 0.000149060 2.647 -56.308750
 13.502 0.000149213 2.647 -56.308750
 13.559 0.000148907 2.647 -56.308750
 13.615 0.000149976 2.647 -56.308750
 13.673 0.000149060 2.647 -56.308750
 13.728 0.000149213 2.647 -56.308750
 13.785 0.000149213 2.647 -56.308750
 13.839 0.000149060 2.647 -56.308750
 13.897 0.000149060 2.647 -56.308750
 13.951 0.000148755 2.647 -56.308750
 14.012 0.000149365 2.647 -56.308750
 14.067 0.000149671 2.647 -56.308750
 14.125 0.000148755 2.647 -56.308750
   1    5 -0.008 0.000001405 2.697 -57.381302
 -0.003 0.000035456 2.697 -57.381302
 0.002 0.000069965 2.697 -57.381302
 0.009 0.000102030 2.697 -57.381302
 0.017 0.000134401 2.697 -57.381302
 0.027 0.000166467 2.697 -57.381302
 0.040 0.000193494 2.697 -57.381302
 0.062 0.000217925 2.697 -57.381302
 0.093 0.000235026 2.697 -57.381302
 0.138 0.000242661 2.697 -57.381302
 0.187 0.000245562 2.697 -57.381302
 0.242 0.000247853 2.697 -57.381302
 0.296 0.000248311 2.697 -57.381302
 0.351 0.000248922 2.697 -57.381302
 0.407 0.000248769 2.697 -57.381302
 0.462 0.000249227 2.697 -57.381302
 0.518 0.000249532 2.697 -57.381302
 0.573 0.000249380 2.697 -57.381302
 0.628 0.000250143 2.697 -57.381302
 0.686 0.000250143 2.697 -57.381302
 0.741 0.000249838 2.697 -57.381302
 0.798 0.000250296 2.697 -57.381302
 0.856 0.000250143 2.697 -57.381302
 0.909 0.000249990 2.697 -57.381302
 0.966 0.000250601 2.697 -57.381302
 1.021 0.000250143 2.697 -57.381302
 1.079 0.000250601 2.697 -57.381302
 1.134 0.000250296 2.697 -57.381302
 1.190 0.000251517 2.697 -57.381302
 1.246 0.000251365 2.697 -57.381302
 1.303 0.000250754 2.697 -57.381302
 1.359 0.000251670 2.697 -57.381302
 1.418 0.000250907 2.697 -57.381302
 1.473 0.000250754 2.697 -57.381302
 1.529 0.000251517 2.697 -57.381302
 1.585 0.000250907 2.697 -57.381302
 1.643 0.000251365 2.697 -57.381302
 1.700 0.000250907 2.697 -57.381302
 1.757 0.000251212 2.697 -57.381302
 1.812 0.000251059 2.697 -57.381302
 1.871 0.000251212 2.697 -57.381302
 1.927 0.000251059 2.697 -57.381302
 1.985 0.000250907 2.697 -57.381302
 2.041 0.000250601 2.697 -57.381302
 2.097 0.000250907 2.697 -57.381302
 2.153 0.000250907 2.697 -57.381302
 2.209 0.000250907 2.697 -57.381302
 2.264 0.000251212 2.697 -57.381302
 2.319 0.000251212 2.697 -57.381302
 2.377 0.000251365 2.697 -57.381302
 2.432 0.000251976 2.697 -57.381302
 2.490 0.000251670 2.697 -57.381302
 2.544 0.000250754 2.697 -57.381302
 2.602 0.000251365 2.697 -57.381302
 2.656 0.000251212 2.697 -57.381302
 2.714 0.000251365 2.697 -57.381302
 2.769 0.000251823 2.697 -57.381302
 2.826 0.000251976 2.697 -57.381302
 2.881 0.000251823 2.697 -57.381302
 2.941 0.000251365 2.697 -57.381302
 2.996 0.000251517 2.697 -57.381302
 3.053 0.000251670 2.697 -57.381302
 3.109 0.000251670 2.697 -57.381302
 3.163 0.000251365 2.697 -57.381302
 3.220 0.000251517 2.697 -57.381302
 3.276 0.000251976 2.697 -57.381302
 3.331 0.000251517 2.697 -57.381302
 3.388 0.000251976 2.697 -57.381302
 3.445 0.000251517 2.697 -57.381302
 3.499 0.000251517 2.697 -57.381302
 3.557 0.000251365 2.697 -57.381302
 3.612 0.000251670 2.697 -57.381302
 3.671 0.000250754 2.697 -57.381302
 3.726 0.000251365 2.697 -57.381302
 3.783 0.000251517 2.697 -57.381302
 3.839 0.000251059 2.697 -57.381302
 3.899 0.000250754 2.697 -57.381302
 3.954 0.000250907 2.697 -57.381302
 4.012 0.000250754 2.697 -57.381302
 4.065 0.000251365 2.697 -57.381302
 4.122 0.000251670 2.697 -57.381302
 4.178 0.000251517 2.697 -57.381302
 4.236 0.000251976 2.697 -57.381302
 4.288 0.000252434 2.697 -57.381302
 4.344 0.000251365 2.697 -57.381302
 4.398 0.000251365 2.697 -57.381302
 4.454 0.000251365 2.697 -57.381302
 4.510 0.000251670 2.697 -57.381302
 4.566 0.000251670 2.697 -57.381302
 4.623 0.000251517 2.697 -57.381302
 4.678 0.000251670 2.697 -57.381302
 4.734 0.000251517 2.697 -57.381302
 4.790 0.000251365 2.697 -57.381302
 4.847 0.000251823 2.697 -57.381302
 4.902 0.000251976 2.697 -57.381302
 4.957 0.000251976 2.697 -57.381302
 5.011 0.000252434 2.697 -57.381302
 5.070 0.000252128 2.697 -57.381302
 5.125 0.000251670 2.697 -57.381302
 5.183 0.000252128 2.697 -57.381302
 5.238 0.000251517 2.697 -57.381302
 5.293 0.000252128 2.697 -57.381302
 5.349 0.000251976 2.697 -57.381302
 5.405 0.000251823 2.697 -57.381302
 5.463 0.000251670 2.697 -57.381302
 5.519 0.000251823 2.697 -57.381302
 5.577 0.000251517 2.697 -57.381302
 5.632 0.000251823 2.697 -57.381302
 5.690 0.000251823 2.697 -57.381302
 5.745 0.000252128 2.697 -57.381302
 5.802 0.000252128 2.697 -57.381302
 5.857 0.000251976 2.697 -57.381302
 5.918 0.000251365 2.697 -57.381302
 5.973 0.000250754 2.697 -57.381302
 6.029 0.000251976 2.697 -57.381302
 6.085 0.000251976 2.697 -57.381302
 6.145 0.000250601 2.697 -57.381302
 6.198 0.000250907 2.697 -57.381302
 6.256 0.000251823 2.697 -57.381302
 6.312 0.000250907 2.697 -57.381302
 6.370 0.000251823 2.697 -57.381302
 6.426 0.000251059 2.697 -57.381302
 6.483 0.000250754 2.697 -57.381302
 6.538 0.000251059 2.697 -57.381302
 6.596 0.000250754 2.697 -57.381302
 6.652 0.000251212 2.697 -57.381302
 6.708 0.000251670 2.697 -57.381302
 6.763 0.000251517 2.697 -57.381302
 6.820 0.000252586 2.697 -57.381302
 6.875 0.000251365 2.697 -57.381302
 6.932 0.000251976 2.697 -57.381302
 6.986 0.000250907 2.697 -57.381302
 7.043 0.000251365 2.697 -57.381302
 7.100 0.000251365 2.697 -57.381302
 7.155 0.000251212 2.697 -57.381302
 7.213 0.000250907 2.697 -57.381302
 7.268 0.000251517 2.697 -57.381302
 7.324 0.000251823 2.697 -57.381302
 7.379 0.000251212 2.697 -57.381302
 7.438 0.000251059 2.697 -57.381302
 7.492 0.000250754 2.697 -57.381302
 7.550 0.000251059 2.697 -57.381302
 7.604 0.000251059 2.697 -57.381302
 7.663 0.000251059 2.697 -57.381302
 7.717 0.000251059 2.697 -57.381302
 7.776 0.000250754 2.697 -57.381302
 7.830 0.000250907 2.697 -57.381302
 7.887 0.000251670 2.697 -57.381302
 7.942 0.000250907 2.697 -57.381302
 7.999 0.000251212 2.697 -57.381302
 8.055 0.000251976 2.697 -57.381302
 8.111 0.000251517 2.697 -57.381302
 8.167 0.000251670 2.697 -57.381302
 8.223 0.000252281 2.697 -57.381302
 8.279 0.000251823 2.697 -57.381302
 8.334 0.000251517 2.697 -57.381302
 8.392 0.000252434 2.697 -57.381302
 8.448 0.000251212 2.697 -57.381302
 8.506 0.000251976 2.697 -57.381302
 8.562 0.000251059 2.697 -57.381302
 8.618 0.000251823 2.697 -57.381302
 8.674 0.000251976 2.697 -57.381302
 8.733 0.000251823 2.697 -57.381302
 8.788 0.000251670 2.697 -57.381302
 8.847 0.000252281 2.697 -57.381302
 8.899 0.000251670 2.697 -57.381302
 8.957 0.000251670 2.697 -57.381302
 9.012 0.000251823 2.697 -57.381302
 9.071 0.000251212 2.697 -57.381302
 9.126 0.000251365 2.697 -57.381302
 9.184 0.000251670 2.697 -57.381302
 9.239 0.000251517 2.697 -57.381302
 9.297 0.000251517 2.697 -57.381302
 9.353 0.000251365 2.697 -57.381302
 9.408 0.000252128 2.697 -57.381302
 9.464 0.000251670 2.697 -57.381302
 9.521 0.000251517 2.697 -57.381302
 9.576 0.000251517 2.697 -57.381302
 9.631 0.000251670 2.697 -57.381302
 9.689 0.000251670 2.697 -57.381302
 9.743 0.000251976 2.697 -57.381302
 9.801 0.000251976 2.697 -57.381302
 9.856 0.000252892 2.697 -57.381302
 9.912 0.000252586 2.697 -57.381302
 9.966 0.000252281 2.697 -57.381302
 10.024 0.000251670 2.697 -57.381302
 10.079 0.000251823 2.697 -57.381302
 10.136 0.000251365 2.697 -57.381302
 10.191 0.000251212 2.697 -57.381302
 10.247 0.000251976 2.697 -57.381302
 10.303 0.000251976 2.697 -57.381302
 10.361 0.000252281 2.697 -57.381302
 10.416 0.000251670 2.697 -57.381302
 10.472 0.000251976 2.697 -57.381302
 10.529 0.000251517 2.697 -57.381302
 10.585 0.000250907 2.697 -57.381302
 10.642 0.000251059 2.697 -57.381302
 10.696 0.000251976 2.697 -57.381302
 10.753 0.000251059 2.697 -57.381302
 10.807 0.000252281 2.697 -57.381302
 10.866 0.000251517 2.697 -57.381302
 10.921 0.000251823 2.697 -57.381302
 10.977 0.000251823 2.697 -57.381302
 11.033 0.000251670 2.697 -57.381302
 11.090 0.000251976 2.697 -57.381302
 11.146 0.000251212 2.697 -57.381302
 11.203 0.000251670 2.697 -57.381302
 11.260 0.000251365 2.697 -57.381302
 11.319 0.000251517 2.697 -57.381302
 11.372 0.000251976 2.697 -57.381302
 11.431 0.000251212 2.697 -57.381302
 11.485 0.000251976 2.697 -57.381302
 11.544 0.000251670 2.697 -57.381302
 11.597 0.000251365 2.697 -57.381302
 11.654 0.000251823 2.697 -57.381302
 11.710 0.000251365 2.697 -57.381302
 11.768 0.000251670 2.697 -57.381302
 11.825 0.000251365 2.697 -57.381302
 11.882 0.000251212 2.697 -57.381302
 11.935 0.000251517 2.697 -57.381302
 11.992 0.000251212 2.697 -57.381302
 12.049 0.000251365 2.697 -57.381302
 12.105 0.000251059 2.697 -57.381302
 12.162 0.000251517 2.697 -57.381302
 12.217 0.000251670 2.697 -57.381302
 12.274 0.000251517 2.697 -57.381302
 12.328 0.000252128 2.697 -57.381302
 12.388 0.000252128 2.697 -57.381302
 12.443 0.000252281 2.697 -57.381302
 12.500 0.000251517 2.697 -57.381302
 12.556 0.000251670 2.697 -57.381302
 12.613 0.000251976 2.697 -57.381302
 12.669 0.000251365 2.697 -57.381302
 12.728 0.000251823 2.697 -57.381302
 12.784 0.000251823 2.697 -57.381302
 12.839 0.000251670 2.697 -57.381302
 12.895 0.000251517 2.697 -57.381302
 12.951 0.000251517 2.697 -57.381302
 13.007 0.000251517 2.697 -57.381302
 13.065 0.000251517 2.697 -57.381302
 13.122 0.000251059 2.697 -57.381302
 13.178 0.000251517 2.697 -57.381302
 13.235 0.000251670 2.697 -57.381302
 13.289 0.000251059 2.697 -57.381302
 13.345 0.000251670 2.697 -57.381302
 13.401 0.000251670 2.697 -57.381302
 13.461 0.000251517 2.697 -57.381302
 13.516 0.000250907 2.697 -57.381302
 13.574 0.000251670 2.697 -57.381302
 13.627 0.000251517 2.697 -57.381302
 13.686 0.000251365 2.697 -57.381302
 13.740 0.000251517 2.697 -57.381302
 13.797 0.000251365 2.697 -57.381302
 13.853 0.000251517 2.697 -57.381302
 13.912 0.000251365 2.697 -57.381302
 13.967 0.000251670 2.697 -57.381302
   1    6 -0.010 0.000000947 2.747 -58.453842
 -0.005 0.000036525 2.747 -58.453842
 -0.002 0.000072560 2.747 -58.453842
 0.002 0.000107069 2.747 -58.453842
 0.007 0.000141731 2.747 -58.453842
 0.010 0.000177156 2.747 -58.453842
 0.014 0.000209985 2.747 -58.453842
 0.020 0.000245715 2.747 -58.453842
 0.028 0.000277781 2.747 -58.453842
 0.036 0.000310152 2.747 -58.453842
 0.048 0.000339316 2.747 -58.453842
 0.063 0.000364663 2.747 -58.453842
 0.086 0.000389247 2.747 -58.453842
 0.121 0.000402837 2.747 -58.453842
 0.164 0.000410013 2.747 -58.453842
 0.214 0.000414289 2.747 -58.453842
 0.267 0.000417343 2.747 -58.453842
 0.320 0.000418106 2.747 -58.453842
 0.376 0.000419328 2.747 -58.453842
 0.429 0.000419633 2.747 -58.453842
 0.487 0.000420244 2.747 -58.453842
 0.542 0.000420855 2.747 -58.453842
 0.600 0.000421313 2.747 -58.453842
 0.654 0.000421465 2.747 -58.453842
 0.713 0.000421160 2.747 -58.453842
 0.767 0.000421160 2.747 -58.453842
 0.824 0.000422076 2.747 -58.453842
 0.878 0.000421771 2.747 -58.453842
 0.935 0.000421313 2.747 -58.453842
 0.990 0.000421924 2.747 -58.453842
 1.045 0.000422382 2.747 -58.453842
 1.104 0.000422534 2.747 -58.453842
 1.159 0.000422687 2.747 -58.453842
 1.218 0.000421924 2.747 -58.453842
 1.272 0.000422076 2.747 -58.453842
 1.329 0.000421771 2.747 -58.453842
 1.383 0.000422382 2.747 -58.453842
 1.442 0.000422992 2.747 -58.453842
 1.498 0.000423145 2.747 -58.453842
 1.556 0.000421924 2.747 -58.453842
 1.612 0.000422840 2.747 -58.453842
 1.671 0.000423145 2.747 -58.453842
 1.726 0.000422840 2.747 -58.453842
 1.784 0.000422992 2.747 -58.453842
 1.840 0.000422076 2.747 -58.453842
 1.895 0.000423450 2.747 -58.453842
 1.950 0.000421923 2.747 -58.453842
 2.007 0.000422992 2.747 -58.453842
 2.063 0.000422992 2.747 -58.453842
 2.122 0.000423298 2.747 -58.453842
 2.176 0.000423603 2.747 -58.453842
 2.232 0.000422992 2.747 -58.453842
 2.288 0.000423603 2.747 -58.453842
 2.343 0.000422687 2.747 -58.453842
 2.400 0.000423603 2.747 -58.453842
 2.455 0.000423145 2.747 -58.453842
 2.512 0.000422992 2.747 -58.453842
 2.567 0.000424061 2.747 -58.453842
 2.626 0.000422382 2.747 -58.453842
 2.681 0.000423603 2.747 -58.453842
 2.739 0.000423145 2.747 -58.453842
 2.793 0.000423298 2.747 -58.453842
 2.851 0.000423145 2.747 -58.453842
 2.905 0.000423145 2.747 -58.453842
 2.964 0.000422992 2.747 -58.453842
 3.017 0.000423450 2.747 -58.453842
 3.076 0.000423756 2.747 -58.453842
 3.132 0.000423145 2.747 -58.453842
 3.190 0.000423450 2.747 -58.453842
 3.243 0.000422992 2.747 -58.453842
 3.301 0.000422840 2.747 -58.453842
 3.355 0.000423145 2.747 -58.453842
 3.413 0.000422992 2.747 -58.453842
 3.468 0.000423145 2.747 -58.453842
 3.525 0.000423909 2.747 -58.453842
 3.582 0.000423145 2.747 -58.453842
 3.639 0.000422840 2.747 -58.453842
 3.696 0.000422382 2.747 -58.453842
 3.752 0.000423450 2.747 -58.453842
 3.805 0.000422840 2.747 -58.453842
 3.861 0.000423298 2.747 -58.453842
 3.921 0.000422992 2.747 -58.453842
 3.977 0.000422840 2.747 -58.453842
 4.031 0.000423603 2.747 -58.453842
 4.086 0.000423603 2.747 -58.453842
 4.144 0.000423450 2.747 -58.453842
 4.198 0.000423298 2.747 -58.453842
 4.255 0.000423603 2.747 -58.453842
 4.309 0.000423298 2.747 -58.453842
 4.365 0.000423298 2.747 -58.453842
 4.420 0.000423756 2.747 -58.453842
 4.478 0.000423756 2.747 -58.453842
 4.532 0.000423756 2.747 -58.453842
 4.589 0.000423756 2.747 -58.453842
 4.644 0.000423603 2.747 -58.453842
 4.698 0.000423909 2.747 -58.453842
 4.754 0.000424214 2.747 -58.453842
 4.811 0.000423603 2.747 -58.453842
 4.867 0.000423909 2.747 -58.453842
 4.923 0.000424672 2.747 -58.453842
 4.979 0.000424367 2.747 -58.453842
 5.034 0.000423450 2.747 -58.453842
 5.091 0.000423756 2.747 -58.453842
 5.145 0.000424061 2.747 -58.453842
 5.205 0.000424061 2.747 -58.453842
 5.260 0.000423450 2.747 -58.453842
 5.316 0.000425130 2.747 -58.453842
 5.374 0.000423909 2.747 -58.453842
 5.432 0.000424367 2.747 -58.453842
 5.487 0.000424367 2.747 -58.453842
 5.545 0.000424367 2.747 -58.453842
 5.601 0.000423756 2.747 -58.453842
 5.659 0.000423145 2.747 -58.453842
 5.714 0.000423145 2.747 -58.453842
 5.770 0.000424519 2.747 -58.453842
 5.826 0.000423145 2.747 -58.453842
 5.887 0.000423145 2.747 -58.453842
 5.941 0.000423145 2.747 -58.453842
 5.996 0.000423298 2.747 -58.453842
 6.053 0.000423756 2.747 -58.453842
 6.110 0.000423145 2.747 -58.453842
 6.168 0.000423298 2.747 -58.453842
 6.224 0.000423450 2.747 -58.453842
 6.283 0.000422687 2.747 -58.453842
 6.336 0.000423450 2.747 -58.453842
 6.394 0.000423909 2.747 -58.453842
 6.451 0.000423298 2.747 -58.453842
 6.505 0.000422992 2.747 -58.453842
 6.561 0.000423450 2.747 -58.453842
 6.619 0.000423756 2.747 -58.453842
 6.674 0.000424061 2.747 -58.453842
 6.731 0.000422382 2.747 -58.453842
 6.784 0.000423756 2.747 -58.453842
 6.842 0.000423756 2.747 -58.453842
 6.897 0.000424061 2.747 -58.453842
 6.956 0.000423603 2.747 -58.453842
 7.012 0.000422992 2.747 -58.453842
 7.067 0.000423756 2.747 -58.453842
 7.124 0.000423298 2.747 -58.453842
 7.181 0.000423145 2.747 -58.453842
 7.235 0.000422687 2.747 -58.453842
 7.292 0.000422687 2.747 -58.453842
 7.348 0.000422229 2.747 -58.453842
 7.403 0.000423603 2.747 -58.453842
 7.458 0.000423603 2.747 -58.453842
 7.514 0.000423756 2.747 -58.453842
 7.572 0.000423298 2.747 -58.453842
 7.627 0.000422840 2.747 -58.453842
 7.686 0.000423298 2.747 -58.453842
 7.741 0.000423450 2.747 -58.453842
 7.797 0.000423756 2.747 -58.453842
 7.851 0.000424825 2.747 -58.453842
 7.909 0.000425130 2.747 -58.453842
 7.966 0.000424061 2.747 -58.453842
 8.025 0.000423145 2.747 -58.453842
 8.079 0.000422992 2.747 -58.453842
 8.138 0.000423603 2.747 -58.453842
 8.191 0.000423756 2.747 -58.453842
 8.248 0.000423909 2.747 -58.453842
 8.305 0.000423603 2.747 -58.453842
 8.362 0.000423909 2.747 -58.453842
 8.418 0.000423298 2.747 -58.453842
 8.476 0.000423450 2.747 -58.453842
 8.531 0.000423756 2.747 -58.453842
 8.587 0.000423603 2.747 -58.453842
 8.642 0.000423756 2.747 -58.453842
 8.699 0.000423909 2.747 -58.453842
 8.755 0.000423756 2.747 -58.453842
 8.810 0.000423145 2.747 -58.453842
 8.869 0.000423603 2.747 -58.453842
 8.924 0.000423145 2.747 -58.453842
 8.984 0.000422534 2.747 -58.453842
 9.038 0.000422840 2.747 -58.453842
 9.096 0.000422992 2.747 -58.453842
 9.151 0.000422840 2.747 -58.453842
 9.208 0.000423603 2.747 -58.453842
 9.262 0.000424367 2.747 -58.453842
 9.318 0.000424214 2.747 -58.453842
 9.374 0.000423298 2.747 -58.453842
 9.432 0.000423298 2.747 -58.453842
 9.488 0.000423298 2.747 -58.453842
 9.543 0.000423909 2.747 -58.453842
 9.599 0.000424672 2.747 -58.453842
 9.652 0.000424519 2.747 -58.453842
 9.710 0.000423603 2.747 -58.453842
 9.765 0.000424977 2.747 -58.453842
 9.822 0.000423756 2.747 -58.453842
 9.876 0.000423298 2.747 -58.453842
 9.933 0.000423756 2.747 -58.453842
 9.989 0.000424367 2.747 -58.453842
 10.044 0.000423909 2.747 -58.453842
 10.099 0.000424519 2.747 -58.453842
 10.159 0.000423145 2.747 -58.453842
 10.214 0.000423603 2.747 -58.453842
 10.270 0.000423603 2.747 -58.453842
 10.325 0.000424519 2.747 -58.453842
 10.385 0.000423756 2.747 -58.453842
 10.437 0.000424367 2.747 -58.453842
 10.495 0.000424367 2.747 -58.453842
 10.550 0.000424367 2.747 -58.453842
 10.606 0.000424977 2.747 -58.453842
 10.661 0.000424367 2.747 -58.453842
 10.717 0.000425130 2.747 -58.453842
 10.774 0.000423909 2.747 -58.453842
 10.832 0.000424061 2.747 -58.453842
 10.889 0.000424672 2.747 -58.453842
 10.945 0.000424519 2.747 -58.453842
 11.001 0.000424367 2.747 -58.453842
 11.058 0.000424367 2.747 -58.453842
 11.114 0.000424825 2.747 -58.453842
 11.169 0.000424977 2.747 -58.453842
 11.228 0.000424672 2.747 -58.453842
 11.282 0.000424825 2.747 -58.453842
 11.337 0.000425283 2.747 -58.453842
 11.394 0.000424519 2.747 -58.453842
 11.452 0.000424519 2.747 -58.453842
 11.508 0.000424825 2.747 -58.453842
 11.566 0.000424672 2.747 -58.453842
 11.621 0.000424214 2.747 -58.453842
 11.675 0.000424367 2.747 -58.453842
 11.731 0.000423908 2.747 -58.453842
 11.790 0.000423909 2.747 -58.453842
 11.845 0.000424061 2.747 -58.453842
 11.905 0.000423298 2.747 -58.453842
 11.960 0.000423909 2.747 -58.453842
 12.016 0.000424519 2.747 -58.453842
 12.072 0.000424519 2.747 -58.453842
 12.131 0.000424214 2.747 -58.453842
 12.185 0.000424061 2.747 -58.453842
 12.243 0.000423298 2.747 -58.453842
 12.296 0.000424519 2.747 -58.453842
 12.354 0.000424061 2.747 -58.453842
 12.410 0.000424672 2.747 -58.453842
 12.467 0.000423908 2.747 -58.453842
 12.526 0.000423909 2.747 -58.453842
 12.578 0.000424367 2.747 -58.453842
 12.636 0.000424519 2.747 -58.453842
 12.692 0.000423298 2.747 -58.453842
 12.749 0.000424061 2.747 -58.453842
 12.805 0.000423603 2.747 -58.453842
 12.863 0.000424214 2.747 -58.453842
 12.918 0.000424977 2.747 -58.453842
 12.975 0.000424214 2.747 -58.453842
 13.030 0.000424214 2.747 -58.453842
 13.089 0.000423603 2.747 -58.453842
 13.143 0.000423756 2.747 -58.453842
 13.203 0.000423756 2.747 -58.453842
 13.256 0.000423603 2.747 -58.453842
 13.314 0.000424825 2.747 -58.453842
 13.369 0.000424214 2.747 -58.453842
 13.428 0.000423603 2.747 -58.453842
 13.483 0.000424214 2.747 -58.453842
 13.539 0.000424061 2.747 -58.453842
 13.595 0.000425130 2.747 -58.453842
 13.650 0.000425588 2.747 -58.453842
 13.710 0.000424825 2.747 -58.453842
   1    7 -0.010 0.000001558 2.798 -59.526394
 -0.008 0.000037746 2.798 -59.526394
 -0.005 0.000074393 2.798 -59.526394
 -0.002 0.000109360 2.798 -59.526394
 0.001 0.000146464 2.798 -59.526394
 0.002 0.000182042 2.798 -59.526394
 0.005 0.000217467 2.798 -59.526394
 0.009 0.000254877 2.798 -59.526394
 0.010 0.000290149 2.798 -59.526394
 0.013 0.000325268 2.798 -59.526394
 0.016 0.000359625 2.798 -59.526394
 0.021 0.000395507 2.798 -59.526394
 0.025 0.000429406 2.798 -59.526394
 0.030 0.000463151 2.798 -59.526394
 0.035 0.000496896 2.798 -59.526394
 0.041 0.000528656 2.798 -59.526394
 0.050 0.000561180 2.798 -59.526394
 0.061 0.000591261 2.798 -59.526394
 0.075 0.000619814 2.798 -59.526394
 0.093 0.000643635 2.798 -59.526394
 0.123 0.000661652 2.798 -59.526394
 0.159 0.000674326 2.798 -59.526394
 0.204 0.000682572 2.798 -59.526394
 0.254 0.000686847 2.798 -59.526394
 0.305 0.000691428 2.798 -59.526394
 0.360 0.000692955 2.798 -59.526394
 0.413 0.000694940 2.798 -59.526394
 0.467 0.000696467 2.798 -59.526394
 0.524 0.000695856 2.798 -59.526394
 0.580 0.000697688 2.798 -59.526394
 0.633 0.000699215 2.798 -59.526394
 0.690 0.000698604 2.798 -59.526394
 0.744 0.000699673 2.798 -59.526394
 0.801 0.000699062 2.798 -59.526394
 0.859 0.000698604 2.798 -59.526394
 0.913 0.000699826 2.798 -59.526394
 0.969 0.000699673 2.798 -59.526394
 1.024 0.000700742 2.798 -59.526394
 1.084 0.000699979 2.798 -59.526394
 1.137 0.000700131 2.798 -59.526394
 1.198 0.000699215 2.798 -59.526394
 1.254 0.000699826 2.798 -59.526394
 1.311 0.000699979 2.798 -59.526394
 1.364 0.000701047 2.798 -59.526394
 1.424 0.000700437 2.798 -59.526394
 1.478 0.000699673 2.798 -59.526394
 1.535 0.000699521 2.798 -59.526394
 1.588 0.000700742 2.798 -59.526394
 1.644 0.000701047 2.798 -59.526394
 1.702 0.000700742 2.798 -59.526394
 1.759 0.000700437 2.798 -59.526394
 1.813 0.000700589 2.798 -59.526394
 1.869 0.000701353 2.798 -59.526394
 1.927 0.000699979 2.798 -59.526394
 1.982 0.000700131 2.798 -59.526394
 2.041 0.000700131 2.798 -59.526394
 2.095 0.000700742 2.798 -59.526394
 2.153 0.000701353 2.798 -59.526394
 2.207 0.000702727 2.798 -59.526394
 2.264 0.000701506 2.798 -59.526394
 2.319 0.000701964 2.798 -59.526394
 2.377 0.000701964 2.798 -59.526394
 2.432 0.000701964 2.798 -59.526394
 2.489 0.000702269 2.798 -59.526394
 2.544 0.000702116 2.798 -59.526394
 2.603 0.000701353 2.798 -59.526394
 2.659 0.000700284 2.798 -59.526394
 2.715 0.000702422 2.798 -59.526394
 2.769 0.000702269 2.798 -59.526394
 2.827 0.000701047 2.798 -59.526394
 2.880 0.000703338 2.798 -59.526394
 2.938 0.000702727 2.798 -59.526394
 2.992 0.000702574 2.798 -59.526394
 3.050 0.000702727 2.798 -59.526394
 3.106 0.000703033 2.798 -59.526394
 3.162 0.000702880 2.798 -59.526394
 3.221 0.000702422 2.798 -59.526394
 3.274 0.000703033 2.798 -59.526394
 3.334 0.000702269 2.798 -59.526394
 3.388 0.000701353 2.798 -59.526394
 3.445 0.000703032 2.798 -59.526394
 3.500 0.000702880 2.798 -59.526394
 3.555 0.000704101 2.798 -59.526394
 3.612 0.000702422 2.798 -59.526394
 3.669 0.000702880 2.798 -59.526394
 3.722 0.000702422 2.798 -59.526394
 3.781 0.000701506 2.798 -59.526394
 3.835 0.000701658 2.798 -59.526394
 3.895 0.000702116 2.798 -59.526394
 3.949 0.000700589 2.798 -59.526394
 4.008 0.000701811 2.798 -59.526394
 4.062 0.000701200 2.798 -59.526394
 4.120 0.000701506 2.798 -59.526394
 4.172 0.000702269 2.798 -59.526394
 4.229 0.000702269 2.798 -59.526394
 4.282 0.000702422 2.798 -59.526394
 4.338 0.000702574 2.798 -59.526394
 4.394 0.000701964 2.798 -59.526394
 4.449 0.000702727 2.798 -59.526394
 4.507 0.000701811 2.798 -59.526394
 4.561 0.000703032 2.798 -59.526394
 4.618 0.000702880 2.798 -59.526394
 4.674 0.000702116 2.798 -59.526394
 4.730 0.000702116 2.798 -59.526394
 4.786 0.000702574 2.798 -59.526394
 4.845 0.000702269 2.798 -59.526394
 4.899 0.000703032 2.798 -59.526394
 4.960 0.000701200 2.798 -59.526394
 5.014 0.000701811 2.798 -59.526394
 5.072 0.000701658 2.798 -59.526394
 5.127 0.000702422 2.798 -59.526394
 5.184 0.000702574 2.798 -59.526394
 5.239 0.000701811 2.798 -59.526394
 5.297 0.000702269 2.798 -59.526394
 5.352 0.000702116 2.798 -59.526394
 5.408 0.000703185 2.798 -59.526394
 5.466 0.000702574 2.798 -59.526394
 5.523 0.000702116 2.798 -59.526394
 5.580 0.000701506 2.798 -59.526394
 5.635 0.000701811 2.798 -59.526394
 5.692 0.000702574 2.798 -59.526394
 5.748 0.000702727 2.798 -59.526394
 5.806 0.000701506 2.798 -59.526394
 5.860 0.000702422 2.798 -59.526394
 5.920 0.000701506 2.798 -59.526394
 5.975 0.000701964 2.798 -59.526394
 6.032 0.000702422 2.798 -59.526394
 6.084 0.000702880 2.798 -59.526394
 6.144 0.000702422 2.798 -59.526394
 6.200 0.000701811 2.798 -59.526394
 6.259 0.000702269 2.798 -59.526394
 6.311 0.000701964 2.798 -59.526394
 6.369 0.000702727 2.798 -59.526394
 6.424 0.000702422 2.798 -59.526394
 6.482 0.000702116 2.798 -59.526394
 6.535 0.000703491 2.798 -59.526394
 6.597 0.000701047 2.798 -59.526394
 6.650 0.000702116 2.798 -59.526394
 6.704 0.000704101 2.798 -59.526394
 6.762 0.000702574 2.798 -59.526394
 6.819 0.000701811 2.798 -59.526394
 6.874 0.000701658 2.798 -59.526394
 6.930 0.000702574 2.798 -59.526394
 6.986 0.000702116 2.798 -59.526394
 7.040 0.000702422 2.798 -59.526394
 7.099 0.000702880 2.798 -59.526394
 7.155 0.000702727 2.798 -59.526394
 7.212 0.000701811 2.798 -59.526394
 7.266 0.000702574 2.798 -59.526394
 7.324 0.000702422 2.798 -59.526394
 7.381 0.000701506 2.798 -59.526394
 7.439 0.000701506 2.798 -59.526394
 7.494 0.000700742 2.798 -59.526394
 7.552 0.000701200 2.798 -59.526394
 7.608 0.000700131 2.798 -59.526394
 7.663 0.000701200 2.798 -59.526394
 7.721 0.000700895 2.798 -59.526394
 7.777 0.000701353 2.798 -59.526394
 7.833 0.000699368 2.798 -59.526394
 7.890 0.000701964 2.798 -59.526394
 7.945 0.000701353 2.798 -59.526394
 8.003 0.000701353 2.798 -59.526394
 8.060 0.000701047 2.798 -59.526394
 8.113 0.000702727 2.798 -59.526394
 8.170 0.000701964 2.798 -59.526394
 8.224 0.000703032 2.798 -59.526394
 8.282 0.000701353 2.798 -59.526394
 8.337 0.000701200 2.798 -59.526394
 8.396 0.000700437 2.798 -59.526394
 8.451 0.000701200 2.798 -59.526394
 8.508 0.000702574 2.798 -59.526394
 8.563 0.000702574 2.798 -59.526394
 8.620 0.000703796 2.798 -59.526394
 8.675 0.000703032 2.798 -59.526394
 8.734 0.000703185 2.798 -59.526394
 8.786 0.000703796 2.798 -59.526394
 8.846 0.000702880 2.798 -59.526394
 8.899 0.000702269 2.798 -59.526394
 8.957 0.000702574 2.798 -59.526394
 9.011 0.000702574 2.798 -59.526394
 9.068 0.000704254 2.798 -59.526394
 9.123 0.000702727 2.798 -59.526394
 9.182 0.000704101 2.798 -59.526394
 9.236 0.000702269 2.798 -59.526394
 9.293 0.000701964 2.798 -59.526394
 9.346 0.000703796 2.798 -59.526394
 9.403 0.000703338 2.798 -59.526394
 9.459 0.000702880 2.798 -59.526394
 9.513 0.000703491 2.798 -59.526394
 9.572 0.000703338 2.798 -59.526394
 9.625 0.000703491 2.798 -59.526394
 9.685 0.000702880 2.798 -59.526394
 9.739 0.000703338 2.798 -59.526394
 9.795 0.000703949 2.798 -59.526394
 9.851 0.000703796 2.798 -59.526394
 9.910 0.000703185 2.798 -59.526394
 9.963 0.000704101 2.798 -59.526394
 10.020 0.000703949 2.798 -59.526394
 10.075 0.000703185 2.798 -59.526394
 10.132 0.000704254 2.798 -59.526394
 10.187 0.000704407 2.798 -59.526394
 10.246 0.000701964 2.798 -59.526394
 10.300 0.000703338 2.798 -59.526394
 10.357 0.000703796 2.798 -59.526394
 10.415 0.000703491 2.798 -59.526394
 10.471 0.000702727 2.798 -59.526394
 10.530 0.000701506 2.798 -59.526394
 10.584 0.000703338 2.798 -59.526394
 10.640 0.000703949 2.798 -59.526394
 10.694 0.000704407 2.798 -59.526394
 10.752 0.000703796 2.798 -59.526394
 10.807 0.000704407 2.798 -59.526394
 10.865 0.000704559 2.798 -59.526394
 10.919 0.000704865 2.798 -59.526394
 10.975 0.000705323 2.798 -59.526394
 11.032 0.000704407 2.798 -59.526394
 11.089 0.000704254 2.798 -59.526394
 11.145 0.000704254 2.798 -59.526394
 11.204 0.000704101 2.798 -59.526394
 11.256 0.000703643 2.798 -59.526394
 11.314 0.000703185 2.798 -59.526394
 11.370 0.000702880 2.798 -59.526394
 11.427 0.000703643 2.798 -59.526394
 11.482 0.000703491 2.798 -59.526394
 11.541 0.000703185 2.798 -59.526394
 11.593 0.000703338 2.798 -59.526394
 11.653 0.000702880 2.798 -59.526394
 11.710 0.000702422 2.798 -59.526394
 11.768 0.000702116 2.798 -59.526394
 11.824 0.000701658 2.798 -59.526394
 11.878 0.000703949 2.798 -59.526394
 11.936 0.000703796 2.798 -59.526394
 11.990 0.000704101 2.798 -59.526394
 12.052 0.000703032 2.798 -59.526394
 12.107 0.000703491 2.798 -59.526394
 12.162 0.000702880 2.798 -59.526394
 12.216 0.000703185 2.798 -59.526394
 12.273 0.000703185 2.798 -59.526394
 12.327 0.000704559 2.798 -59.526394
 12.383 0.000704254 2.798 -59.526394
 12.441 0.000704407 2.798 -59.526394
 12.497 0.000705170 2.798 -59.526394
 12.552 0.000704865 2.798 -59.526394
 12.609 0.000705323 2.798 -59.526394
 12.665 0.000704254 2.798 -59.526394
 12.722 0.000705170 2.798 -59.526394
 12.778 0.000704865 2.798 -59.526394
 12.836 0.000704254 2.798 -59.526394
 12.891 0.000704865 2.798 -59.526394
 12.946 0.000705934 2.798 -59.526394
 13.003 0.000704712 2.798 -59.526394
 13.057 0.000705628 2.798 -59.526394
 13.115 0.000705323 2.798 -59.526394
 13.173 0.000704559 2.798 -59.526394
 13.233 0.000704101 2.798 -59.526394
 13.289 0.000703338 2.798 -59.526394
   1    8 -0.010 0.000001558 2.848 -60.598942
 -0.009 0.000037594 2.848 -60.598942
 -0.006 0.000074851 2.848 -60.598942
 -0.005 0.000111039 2.848 -60.598942
 -0.004 0.000149518 2.848 -60.598942
 -0.002 0.000185706 2.848 -60.598942
 0.000 0.000221742 2.848 -60.598942
 0.001 0.000259458 2.848 -60.598942
 0.002 0.000295493 2.848 -60.598942
 0.005 0.000331682 2.848 -60.598942
 0.006 0.000367717 2.848 -60.598942
 0.008 0.000404058 2.848 -60.598942
 0.010 0.000439636 2.848 -60.598942
 0.012 0.000475977 2.848 -60.598942
 0.013 0.000511402 2.848 -60.598942
 0.015 0.000548201 2.848 -60.598942
 0.017 0.000583779 2.848 -60.598942
 0.021 0.000619662 2.848 -60.598942
 0.022 0.000654018 2.848 -60.598942
 0.026 0.000689443 2.848 -60.598942
 0.029 0.000725173 2.848 -60.598942
 0.033 0.000760751 2.848 -60.598942
 0.035 0.000796634 2.848 -60.598942
 0.039 0.000830074 2.848 -60.598942
 0.045 0.000865499 2.848 -60.598942
 0.050 0.000898328 2.848 -60.598942
 0.057 0.000933142 2.848 -60.598942
 0.064 0.000964597 2.848 -60.598942
 0.073 0.000995746 2.848 -60.598942
 0.084 0.001026285 2.848 -60.598942
 0.101 0.001052701 2.848 -60.598942
 0.123 0.001076368 2.848 -60.598942
 0.150 0.001096982 2.848 -60.598942
 0.183 0.001111488 2.848 -60.598942
 0.227 0.001120192 2.848 -60.598942
 0.271 0.001127979 2.848 -60.598942
 0.319 0.001132560 2.848 -60.598942
 0.374 0.001136072 2.848 -60.598942
 0.425 0.001138515 2.848 -60.598942
 0.480 0.001140347 2.848 -60.598942
 0.534 0.001141416 2.848 -60.598942
 0.593 0.001141416 2.848 -60.598942
 0.646 0.001143248 2.848 -60.598942
 0.703 0.001142637 2.848 -60.598942
 0.758 0.001142943 2.848 -60.598942
 0.811 0.001143859 2.848 -60.598942
 0.867 0.001144775 2.848 -60.598942
 0.920 0.001145539 2.848 -60.598942
 0.977 0.001144775 2.848 -60.598942
 1.031 0.001145386 2.848 -60.598942
 1.089 0.001146455 2.848 -60.598942
 1.141 0.001146455 2.848 -60.598942
 1.200 0.001146149 2.848 -60.598942
 1.258 0.001144470 2.848 -60.598942
 1.313 0.001145691 2.848 -60.598942
 1.367 0.001145844 2.848 -60.598942
 1.424 0.001147066 2.848 -60.598942
 1.477 0.001148440 2.848 -60.598942
 1.534 0.001148898 2.848 -60.598942
 1.591 0.001148593 2.848 -60.598942
 1.650 0.001148287 2.848 -60.598942
 1.702 0.001149814 2.848 -60.598942
 1.764 0.001146760 2.848 -60.598942
 1.817 0.001147982 2.848 -60.598942
 1.872 0.001149051 2.848 -60.598942
 1.928 0.001148898 2.848 -60.598942
 1.986 0.001147066 2.848 -60.598942
 2.043 0.001148440 2.848 -60.598942
 2.100 0.001148134 2.848 -60.598942
 2.154 0.001149967 2.848 -60.598942
 2.206 0.001150730 2.848 -60.598942
 2.267 0.001149051 2.848 -60.598942
 2.322 0.001147829 2.848 -60.598942
 2.381 0.001147982 2.848 -60.598942
 2.431 0.001151646 2.848 -60.598942
 2.495 0.001148134 2.848 -60.598942
 2.545 0.001151646 2.848 -60.598942
 2.603 0.001151341 2.848 -60.598942
 2.661 0.001149661 2.848 -60.598942
 2.719 0.001147676 2.848 -60.598942
 2.774 0.001148745 2.848 -60.598942
 2.831 0.001149203 2.848 -60.598942
 2.886 0.001150119 2.848 -60.598942
 2.943 0.001149356 2.848 -60.598942
 2.997 0.001148592 2.848 -60.598942
 3.055 0.001148440 2.848 -60.598942
 3.110 0.001147676 2.848 -60.598942
 3.163 0.001150578 2.848 -60.598942
 3.222 0.001148287 2.848 -60.598942
 3.277 0.001148287 2.848 -60.598942
 3.335 0.001149051 2.848 -60.598942
 3.389 0.001147982 2.848 -60.598942
 3.445 0.001149967 2.848 -60.598942
 3.497 0.001150425 2.848 -60.598942
 3.557 0.001149967 2.848 -60.598942
 3.608 0.001150730 2.848 -60.598942
 3.668 0.001149814 2.848 -60.598942
 3.725 0.001148898 2.848 -60.598942
 3.779 0.001151341 2.848 -60.598942
 3.832 0.001150425 2.848 -60.598942
 3.895 0.001148745 2.848 -60.598942
 3.948 0.001149203 2.848 -60.598942
 4.003 0.001150883 2.848 -60.598942
 4.061 0.001148592 2.848 -60.598942
 4.119 0.001149203 2.848 -60.598942
 4.174 0.001151036 2.848 -60.598942
 4.228 0.001151799 2.848 -60.598942
 4.286 0.001150883 2.848 -60.598942
 4.343 0.001150119 2.848 -60.598942
 4.399 0.001151036 2.848 -60.598942
 4.452 0.001151494 2.848 -60.598942
 4.508 0.001152257 2.848 -60.598942
 4.564 0.001150730 2.848 -60.598942
 4.621 0.001153173 2.848 -60.598942
 4.676 0.001152257 2.848 -60.598942
 4.734 0.001151494 2.848 -60.598942
 4.789 0.001152868 2.848 -60.598942
 4.847 0.001152563 2.848 -60.598942
 4.901 0.001152563 2.848 -60.598942
 4.962 0.001150883 2.848 -60.598942
 5.015 0.001152715 2.848 -60.598942
 5.074 0.001153021 2.848 -60.598942
 5.129 0.001151341 2.848 -60.598942
 5.189 0.001150425 2.848 -60.598942
 5.244 0.001151036 2.848 -60.598942
 5.303 0.001149661 2.848 -60.598942
 5.355 0.001152410 2.848 -60.598942
 5.412 0.001150883 2.848 -60.598942
 5.470 0.001151188 2.848 -60.598942
 5.525 0.001151494 2.848 -60.598942
 5.580 0.001152410 2.848 -60.598942
 5.637 0.001149814 2.848 -60.598942
 5.693 0.001150730 2.848 -60.598942
 5.749 0.001150119 2.848 -60.598942
 5.807 0.001150119 2.848 -60.598942
 5.860 0.001151952 2.848 -60.598942
 5.923 0.001149509 2.848 -60.598942
 5.977 0.001149661 2.848 -60.598942
 6.034 0.001149814 2.848 -60.598942
 6.091 0.001147982 2.848 -60.598942
 6.150 0.001148592 2.848 -60.598942
 6.201 0.001150119 2.848 -60.598942
 6.260 0.001150730 2.848 -60.598942
 6.314 0.001149967 2.848 -60.598942
 6.373 0.001149356 2.848 -60.598942
 6.426 0.001151341 2.848 -60.598942
 6.484 0.001150730 2.848 -60.598942
 6.542 0.001149509 2.848 -60.598942
 6.601 0.001148745 2.848 -60.598942
 6.654 0.001149967 2.848 -60.598942
 6.711 0.001150578 2.848 -60.598942
 6.765 0.001151341 2.848 -60.598942
 6.821 0.001151799 2.848 -60.598942
 6.879 0.001149509 2.848 -60.598942
 6.934 0.001151188 2.848 -60.598942
 6.991 0.001150272 2.848 -60.598942
 7.044 0.001152715 2.848 -60.598942
 7.102 0.001151188 2.848 -60.598942
 7.156 0.001151341 2.848 -60.598942
 7.214 0.001151341 2.848 -60.598942
 7.269 0.001152257 2.848 -60.598942
 7.327 0.001151952 2.848 -60.598942
 7.382 0.001152410 2.848 -60.598942
 7.441 0.001151494 2.848 -60.598942
 7.493 0.001153937 2.848 -60.598942
 7.549 0.001153021 2.848 -60.598942
 7.603 0.001153784 2.848 -60.598942
 7.662 0.001151952 2.848 -60.598942
 7.715 0.001154700 2.848 -60.598942
 7.773 0.001153937 2.848 -60.598942
 7.831 0.001152868 2.848 -60.598942
 7.889 0.001153326 2.848 -60.598942
 7.943 0.001154242 2.848 -60.598942
 7.998 0.001155158 2.848 -60.598942
 8.055 0.001154242 2.848 -60.598942
 8.116 0.001151341 2.848 -60.598942
 8.168 0.001153479 2.848 -60.598942
 8.220 0.001155464 2.848 -60.598942
 8.279 0.001154089 2.848 -60.598942
 8.332 0.001155616 2.848 -60.598942
 8.387 0.001158212 2.848 -60.598942
 8.446 0.001155006 2.848 -60.598942
 8.504 0.001155616 2.848 -60.598942
 8.554 0.001156685 2.848 -60.598942
 8.611 0.001156991 2.848 -60.598942
 8.669 0.001154089 2.848 -60.598942
 8.727 0.001153937 2.848 -60.598942
 8.782 0.001153937 2.848 -60.598942
 8.839 0.001153937 2.848 -60.598942
 8.893 0.001154242 2.848 -60.598942
 8.953 0.001153479 2.848 -60.598942
 9.008 0.001152257 2.848 -60.598942
 9.062 0.001154700 2.848 -60.598942
 9.118 0.001155158 2.848 -60.598942
 9.174 0.001155616 2.848 -60.598942
 9.231 0.001155158 2.848 -60.598942
 9.283 0.001156685 2.848 -60.598942
 9.343 0.001155616 2.848 -60.598942
 9.398 0.001154700 2.848 -60.598942
 9.458 0.001153021 2.848 -60.598942
 9.511 0.001155769 2.848 -60.598942
 9.570 0.001154242 2.848 -60.598942
 9.622 0.001156227 2.848 -60.598942
 9.681 0.001155006 2.848 -60.598942
 9.734 0.001156533 2.848 -60.598942
 9.793 0.001157143 2.848 -60.598942
 9.846 0.001157601 2.848 -60.598942
 9.905 0.001157601 2.848 -60.598942
 9.959 0.001157754 2.848 -60.598942
 10.015 0.001158823 2.848 -60.598942
 10.071 0.001158365 2.848 -60.598942
 10.129 0.001158060 2.848 -60.598942
 10.186 0.001157296 2.848 -60.598942
 10.240 0.001158059 2.848 -60.598942
 10.300 0.001154853 2.848 -60.598942
 10.353 0.001158212 2.848 -60.598942
 10.413 0.001156533 2.848 -60.598942
 10.466 0.001157449 2.848 -60.598942
 10.522 0.001157907 2.848 -60.598942
 10.578 0.001156227 2.848 -60.598942
 10.636 0.001155922 2.848 -60.598942
 10.691 0.001155922 2.848 -60.598942
 10.747 0.001155769 2.848 -60.598942
 10.798 0.001158976 2.848 -60.598942
 10.862 0.001155158 2.848 -60.598942
 10.917 0.001155311 2.848 -60.598942
 10.973 0.001156991 2.848 -60.598942
 11.031 0.001155922 2.848 -60.598942
 11.086 0.001156074 2.848 -60.598942
 11.140 0.001156991 2.848 -60.598942
 11.199 0.001156227 2.848 -60.598942
 11.255 0.001155464 2.848 -60.598942
 11.313 0.001155769 2.848 -60.598942
 11.365 0.001158212 2.848 -60.598942
 11.423 0.001158518 2.848 -60.598942
 11.476 0.001159128 2.848 -60.598942
 11.532 0.001159128 2.848 -60.598942
 11.591 0.001156991 2.848 -60.598942
 11.649 0.001155464 2.848 -60.598942
 11.704 0.001155769 2.848 -60.598942
 11.759 0.001156685 2.848 -60.598942
 11.816 0.001158060 2.848 -60.598942
 11.870 0.001159128 2.848 -60.598942
 11.929 0.001157907 2.848 -60.598942
 11.982 0.001159128 2.848 -60.598942
 12.041 0.001158060 2.848 -60.598942
 12.097 0.001158976 2.848 -60.598942
 12.153 0.001158059 2.848 -60.598942
 12.208 0.001159434 2.848 -60.598942
 12.262 0.001161113 2.848 -60.598942
 12.321 0.001158365 2.848 -60.598942
 12.378 0.001158518 2.848 -60.598942
 12.430 0.001159434 2.848 -60.598942
 12.489 0.001161266 2.848 -60.598942
 12.545 0.001160350 2.848 -60.598942
 12.603 0.001160808 2.848 -60.598942
   1    9 -0.010 0.000001558 2.899 -61.671490
 -0.009 0.000038204 2.899 -61.671490
 -0.008 0.000076378 2.899 -61.671490
 -0.007 0.000112261 2.899 -61.671490
 -0.005 0.000150740 2.899 -61.671490
 -0.004 0.000186470 2.899 -61.671490
 -0.004 0.000224033 2.899 -61.671490
 -0.003 0.000260679 2.899 -61.671490
 0.000 0.000298852 2.899 -61.671490
 0.000 0.000334888 2.899 -61.671490
 0.000 0.000371993 2.899 -61.671490
 0.001 0.000408334 2.899 -61.671490
 0.003 0.000443911 2.899 -61.671490
 0.004 0.000481474 2.899 -61.671490
 0.005 0.000517662 2.899 -61.671490
 0.005 0.000554614 2.899 -61.671490
 0.007 0.000590803 2.899 -61.671490
 0.008 0.000627449 2.899 -61.671490
 0.009 0.000663332 2.899 -61.671490
 0.010 0.000701506 2.899 -61.671490
 0.012 0.000736778 2.899 -61.671490
 0.012 0.000775867 2.899 -61.671490
 0.014 0.000811750 2.899 -61.671490
 0.015 0.000847633 2.899 -61.671490
 0.017 0.000884585 2.899 -61.671490
 0.018 0.000921232 2.899 -61.671490
 0.019 0.000958031 2.899 -61.671490
 0.022 0.000993608 2.899 -61.671490
 0.023 0.001030255 2.899 -61.671490
 0.025 0.001065985 2.899 -61.671490
 0.027 0.001104006 2.899 -61.671490
 0.028 0.001139736 2.899 -61.671490
 0.031 0.001176841 2.899 -61.671490
 0.033 0.001211502 2.899 -61.671490
 0.036 0.001249523 2.899 -61.671490
 0.038 0.001283421 2.899 -61.671490
 0.041 0.001320984 2.899 -61.671490
 0.044 0.001356867 2.899 -61.671490
 0.047 0.001393360 2.899 -61.671490
 0.051 0.001429243 2.899 -61.671490
 0.055 0.001462989 2.899 -61.671490
 0.059 0.001498872 2.899 -61.671490
 0.064 0.001532006 2.899 -61.671490
 0.070 0.001566210 2.899 -61.671490
 0.076 0.001599955 2.899 -61.671490
 0.083 0.001631868 2.899 -61.671490
 0.091 0.001663323 2.899 -61.671490
 0.103 0.001692487 2.899 -61.671490
 0.117 0.001722568 2.899 -61.671490
 0.133 0.001748526 2.899 -61.671490
 0.154 0.001771277 2.899 -61.671490
 0.178 0.001792502 2.899 -61.671490
 0.210 0.001807618 2.899 -61.671490
 0.250 0.001819834 2.899 -61.671490
 0.290 0.001830522 2.899 -61.671490
 0.340 0.001834645 2.899 -61.671490
 0.386 0.001840905 2.899 -61.671490
 0.437 0.001843196 2.899 -61.671490
 0.490 0.001847166 2.899 -61.671490
 0.541 0.001850983 2.899 -61.671490
 0.601 0.001850220 2.899 -61.671490
 0.652 0.001851899 2.899 -61.671490
 0.709 0.001852510 2.899 -61.671490
 0.764 0.001851899 2.899 -61.671490
 0.820 0.001852357 2.899 -61.671490
 0.875 0.001853579 2.899 -61.671490
 0.925 0.001856786 2.899 -61.671490
 0.979 0.001857702 2.899 -61.671490
 1.035 0.001858313 2.899 -61.671490
 1.094 0.001856328 2.899 -61.671490
 1.147 0.001858007 2.899 -61.671490
 1.205 0.001856938 2.899 -61.671490
 1.258 0.001858771 2.899 -61.671490
 1.314 0.001860145 2.899 -61.671490
 1.372 0.001858465 2.899 -61.671490
 1.430 0.001858771 2.899 -61.671490
 1.484 0.001859076 2.899 -61.671490
 1.548 0.001855259 2.899 -61.671490
 1.600 0.001856786 2.899 -61.671490
 1.657 0.001857702 2.899 -61.671490
 1.713 0.001856022 2.899 -61.671490
 1.770 0.001857091 2.899 -61.671490
 1.827 0.001855564 2.899 -61.671490
 1.883 0.001856633 2.899 -61.671490
 1.939 0.001855259 2.899 -61.671490
 1.990 0.001858465 2.899 -61.671490
 2.047 0.001859381 2.899 -61.671490
 2.104 0.001858923 2.899 -61.671490
 2.159 0.001859381 2.899 -61.671490
 2.214 0.001859534 2.899 -61.671490
 2.270 0.001860756 2.899 -61.671490
 2.326 0.001859076 2.899 -61.671490
 2.386 0.001857396 2.899 -61.671490
 2.438 0.001858771 2.899 -61.671490
 2.497 0.001857854 2.899 -61.671490
 2.546 0.001859839 2.899 -61.671490
 2.605 0.001859992 2.899 -61.671490
 2.658 0.001860450 2.899 -61.671490
 2.714 0.001863504 2.899 -61.671490
 2.762 0.001867627 2.899 -61.671490
 2.821 0.001866253 2.899 -61.671490
 2.883 0.001860450 2.899 -61.671490
 2.940 0.001861977 2.899 -61.671490
 2.991 0.001863657 2.899 -61.671490
 3.052 0.001861366 2.899 -61.671490
 3.107 0.001862741 2.899 -61.671490
 3.163 0.001863962 2.899 -61.671490
 3.219 0.001862741 2.899 -61.671490
 3.274 0.001863962 2.899 -61.671490
 3.335 0.001862130 2.899 -61.671490
 3.390 0.001861824 2.899 -61.671490
 3.447 0.001862588 2.899 -61.671490
 3.502 0.001861825 2.899 -61.671490
 3.559 0.001862283 2.899 -61.671490
 3.617 0.001862588 2.899 -61.671490
 3.673 0.001863199 2.899 -61.671490
 3.729 0.001862283 2.899 -61.671490
 3.788 0.001860756 2.899 -61.671490
 3.840 0.001863962 2.899 -61.671490
 3.900 0.001862435 2.899 -61.671490
 3.957 0.001861672 2.899 -61.671490
 4.010 0.001863809 2.899 -61.671490
 4.068 0.001864115 2.899 -61.671490
 4.124 0.001864573 2.899 -61.671490
 4.177 0.001866253 2.899 -61.671490
 4.240 0.001861977 2.899 -61.671490
 4.292 0.001863810 2.899 -61.671490
 4.349 0.001862130 2.899 -61.671490
 4.405 0.001863199 2.899 -61.671490
 4.462 0.001863199 2.899 -61.671490
 4.518 0.001863351 2.899 -61.671490
 4.565 0.001867627 2.899 -61.671490
 4.623 0.001867016 2.899 -61.671490
 4.680 0.001865947 2.899 -61.671490
 4.735 0.001867169 2.899 -61.671490
 4.793 0.001866405 2.899 -61.671490
 4.852 0.001866253 2.899 -61.671490
 4.902 0.001868848 2.899 -61.671490
 4.958 0.001868543 2.899 -61.671490
 5.011 0.001870986 2.899 -61.671490
 5.070 0.001870375 2.899 -61.671490
 5.125 0.001869306 2.899 -61.671490
 5.184 0.001868238 2.899 -61.671490
 5.244 0.001865642 2.899 -61.671490
 5.299 0.001864573 2.899 -61.671490
 5.355 0.001865642 2.899 -61.671490
 5.417 0.001863657 2.899 -61.671490
 5.466 0.001869306 2.899 -61.671490
 5.524 0.001867169 2.899 -61.671490
 5.582 0.001866711 2.899 -61.671490
 5.639 0.001866253 2.899 -61.671490
 5.695 0.001867169 2.899 -61.671490
 5.752 0.001866100 2.899 -61.671490
 5.807 0.001867627 2.899 -61.671490
 5.863 0.001866405 2.899 -61.671490
 5.922 0.001864878 2.899 -61.671490
 5.979 0.001865642 2.899 -61.671490
 6.032 0.001867932 2.899 -61.671490
 6.090 0.001865947 2.899 -61.671490
 6.147 0.001867169 2.899 -61.671490
 6.198 0.001869459 2.899 -61.671490
 6.258 0.001870070 2.899 -61.671490
 6.313 0.001867779 2.899 -61.671490
 6.370 0.001870375 2.899 -61.671490
 6.428 0.001867780 2.899 -61.671490
 6.486 0.001865642 2.899 -61.671490
 6.544 0.001864878 2.899 -61.671490
 6.598 0.001867474 2.899 -61.671490
 6.652 0.001868238 2.899 -61.671490
 6.711 0.001866558 2.899 -61.671490
 6.767 0.001867779 2.899 -61.671490
 6.827 0.001864878 2.899 -61.671490
 6.878 0.001869612 2.899 -61.671490
 6.937 0.001866558 2.899 -61.671490
 6.992 0.001867474 2.899 -61.671490
 7.043 0.001870986 2.899 -61.671490
 7.098 0.001871902 2.899 -61.671490
 7.156 0.001868543 2.899 -61.671490
 7.214 0.001869154 2.899 -61.671490
 7.268 0.001867779 2.899 -61.671490
 7.330 0.001865642 2.899 -61.671490
 7.380 0.001869154 2.899 -61.671490
 7.438 0.001869917 2.899 -61.671490
 7.490 0.001869154 2.899 -61.671490
 7.548 0.001867932 2.899 -61.671490
 7.605 0.001867169 2.899 -61.671490
 7.661 0.001867932 2.899 -61.671490
 7.713 0.001869001 2.899 -61.671490
 7.772 0.001868543 2.899 -61.671490
 7.829 0.001865795 2.899 -61.671490
 7.888 0.001866253 2.899 -61.671490
 7.937 0.001870833 2.899 -61.671490
 7.998 0.001868085 2.899 -61.671490
 8.053 0.001868848 2.899 -61.671490
 8.107 0.001869307 2.899 -61.671490
 8.165 0.001869001 2.899 -61.671490
 8.220 0.001869306 2.899 -61.671490
 8.279 0.001867780 2.899 -61.671490
 8.332 0.001867932 2.899 -61.671490
 8.393 0.001865489 2.899 -61.671490
 8.448 0.001866100 2.899 -61.671490
 8.497 0.001871902 2.899 -61.671490
 8.559 0.001867474 2.899 -61.671490
 8.620 0.001865336 2.899 -61.671490
 8.671 0.001867932 2.899 -61.671490
 8.729 0.001868390 2.899 -61.671490
 8.784 0.001867932 2.899 -61.671490
 8.841 0.001868848 2.899 -61.671490
 8.895 0.001870070 2.899 -61.671490
 8.953 0.001870375 2.899 -61.671490
 9.008 0.001869612 2.899 -61.671490
 9.066 0.001869306 2.899 -61.671490
 9.117 0.001872513 2.899 -61.671490
 9.175 0.001870681 2.899 -61.671490
 9.233 0.001869154 2.899 -61.671490
 9.289 0.001870528 2.899 -61.671490
 9.346 0.001869764 2.899 -61.671490
 9.400 0.001870223 2.899 -61.671490
 9.458 0.001870833 2.899 -61.671490
 9.510 0.001871902 2.899 -61.671490
 9.568 0.001871902 2.899 -61.671490
 9.624 0.001870833 2.899 -61.671490
 9.680 0.001872513 2.899 -61.671490
 9.731 0.001875414 2.899 -61.671490
 9.792 0.001872513 2.899 -61.671490
 9.846 0.001872971 2.899 -61.671490
 9.903 0.001873735 2.899 -61.671490
 9.964 0.001869612 2.899 -61.671490
 10.018 0.001872360 2.899 -61.671490
 10.077 0.001868848 2.899 -61.671490
 10.135 0.001868543 2.899 -61.671490
 10.187 0.001870833 2.899 -61.671490
 10.246 0.001869612 2.899 -61.671490
 10.299 0.001871444 2.899 -61.671490
 10.357 0.001872360 2.899 -61.671490
 10.411 0.001872513 2.899 -61.671490
 10.467 0.001871750 2.899 -61.671490
 10.525 0.001869917 2.899 -61.671490
 10.583 0.001869459 2.899 -61.671490
 10.637 0.001869917 2.899 -61.671490
 10.693 0.001870223 2.899 -61.671490
 10.750 0.001871139 2.899 -61.671490
 10.803 0.001873582 2.899 -61.671490
 10.863 0.001870833 2.899 -61.671490
 10.920 0.001869459 2.899 -61.671490
 10.975 0.001870070 2.899 -61.671490
 11.028 0.001872971 2.899 -61.671490
 11.084 0.001872208 2.899 -61.671490
 11.137 0.001874345 2.899 -61.671490
 11.194 0.001875261 2.899 -61.671490
 11.253 0.001872208 2.899 -61.671490
 11.313 0.001870986 2.899 -61.671490
 11.368 0.001869459 2.899 -61.671490
 11.426 0.001870681 2.899 -61.671490
 11.479 0.001872360 2.899 -61.671490
 11.540 0.001869459 2.899 -61.671490
   1   10 -0.009 0.000001558 2.949 -62.744034
 -0.010 0.000038510 2.949 -62.744034
 -0.008 0.000076378 2.949 -62.744034
 -0.007 0.000112719 2.949 -62.744034
 -0.007 0.000151808 2.949 -62.744034
 -0.006 0.000187386 2.949 -62.744034
 -0.005 0.000224338 2.949 -62.744034
 -0.006 0.000263275 2.949 -62.744034
 -0.004 0.000300685 2.949 -62.744034
 -0.004 0.000336262 2.949 -62.744034
 -0.003 0.000373978 2.949 -62.744034
 -0.003 0.000410930 2.949 -62.744034
 -0.001 0.000446813 2.949 -62.744034
 -0.001 0.000484223 2.949 -62.744034
 0.000 0.000520411 2.949 -62.744034
 0.001 0.000558126 2.949 -62.744034
 0.001 0.000594467 2.949 -62.744034
 0.003 0.000631419 2.949 -62.744034
 0.002 0.000667455 2.949 -62.744034
 0.002 0.000705628 2.949 -62.744034
 0.004 0.000742580 2.949 -62.744034
 0.005 0.000781364 2.949 -62.744034
 0.005 0.000817095 2.949 -62.744034
 0.007 0.000854352 2.949 -62.744034
 0.007 0.000890693 2.949 -62.744034
 0.007 0.000928714 2.949 -62.744034
 0.008 0.000965207 2.949 -62.744034
 0.010 0.001001548 2.949 -62.744034
 0.010 0.001038653 2.949 -62.744034
 0.012 0.001075910 2.949 -62.744034
 0.012 0.001113931 2.949 -62.744034
 0.012 0.001150578 2.949 -62.744034
 0.013 0.001188140 2.949 -62.744034
 0.014 0.001224939 2.949 -62.744034
 0.015 0.001262960 2.949 -62.744034
 0.016 0.001298079 2.949 -62.744034
 0.016 0.001338391 2.949 -62.744034
 0.017 0.001373968 2.949 -62.744034
 0.019 0.001413363 2.949 -62.744034
 0.020 0.001449246 2.949 -62.744034
 0.020 0.001487114 2.949 -62.744034
 0.022 0.001523303 2.949 -62.744034
 0.023 0.001561323 2.949 -62.744034
 0.025 0.001596290 2.949 -62.744034
 0.025 0.001634311 2.949 -62.744034
 0.027 0.001670041 2.949 -62.744034
 0.028 0.001707299 2.949 -62.744034
 0.029 0.001742571 2.949 -62.744034
 0.031 0.001779065 2.949 -62.744034
 0.032 0.001815864 2.949 -62.744034
 0.034 0.001851899 2.949 -62.744034
 0.035 0.001888699 2.949 -62.744034
 0.037 0.001925039 2.949 -62.744034
 0.039 0.001961839 2.949 -62.744034
 0.040 0.001997874 2.949 -62.744034
 0.043 0.002035284 2.949 -62.744034
 0.044 0.002070098 2.949 -62.744034
 0.046 0.002106440 2.949 -62.744034
 0.049 0.002141865 2.949 -62.744034
 0.051 0.002179275 2.949 -62.744034
 0.052 0.002215005 2.949 -62.744034
 0.055 0.002250735 2.949 -62.744034
 0.057 0.002287534 2.949 -62.744034
 0.059 0.002321279 2.949 -62.744034
 0.063 0.002357621 2.949 -62.744034
 0.067 0.002391061 2.949 -62.744034
 0.071 0.002427554 2.949 -62.744034
 0.074 0.002461910 2.949 -62.744034
 0.078 0.002498252 2.949 -62.744034
 0.083 0.002530164 2.949 -62.744034
 0.088 0.002564215 2.949 -62.744034
 0.095 0.002598724 2.949 -62.744034
 0.102 0.002630484 2.949 -62.744034
 0.111 0.002664535 2.949 -62.744034
 0.121 0.002695379 2.949 -62.744034
 0.131 0.002726071 2.949 -62.744034
 0.144 0.002755082 2.949 -62.744034
 0.161 0.002780582 2.949 -62.744034
 0.176 0.002808220 2.949 -62.744034
 0.203 0.002826543 2.949 -62.744034
 0.230 0.002847309 2.949 -62.744034
 0.263 0.002862426 2.949 -62.744034
 0.297 0.002876779 2.949 -62.744034
 0.334 0.002889147 2.949 -62.744034
 0.374 0.002899378 2.949 -62.744034
 0.414 0.002908692 2.949 -62.744034
 0.468 0.002911593 2.949 -62.744034
 0.522 0.002912051 2.949 -62.744034
 0.580 0.002911288 2.949 -62.744034
 0.624 0.002918312 2.949 -62.744034
 0.681 0.002918770 2.949 -62.744034
 0.732 0.002921518 2.949 -62.744034
 0.781 0.002925946 2.949 -62.744034
 0.840 0.002924114 2.949 -62.744034
 0.895 0.002923503 2.949 -62.744034
 0.941 0.002929458 2.949 -62.744034
 1.000 0.002926404 2.949 -62.744034
 1.056 0.002927626 2.949 -62.744034
 1.114 0.002927168 2.949 -62.744034
 1.167 0.002928848 2.949 -62.744034
 1.216 0.002933581 2.949 -62.744034
 1.271 0.002933581 2.949 -62.744034
 1.329 0.002932512 2.949 -62.744034
 1.384 0.002932665 2.949 -62.744034
 1.448 0.002929306 2.949 -62.744034
 1.497 0.002933123 2.949 -62.744034
 1.555 0.002933581 2.949 -62.744034
 1.610 0.002932818 2.949 -62.744034
 1.668 0.002932970 2.949 -62.744034
 1.728 0.002931291 2.949 -62.744034
 1.784 0.002932512 2.949 -62.744034
 1.835 0.002933734 2.949 -62.744034
 1.891 0.002935261 2.949 -62.744034
 1.950 0.002933276 2.949 -62.744034
 2.008 0.002934039 2.949 -62.744034
 2.058 0.002937856 2.949 -62.744034
 2.120 0.002935108 2.949 -62.744034
 2.177 0.002934497 2.949 -62.744034
 2.232 0.002934192 2.949 -62.744034
 2.288 0.002934650 2.949 -62.744034
 2.343 0.002935871 2.949 -62.744034
 2.399 0.002936787 2.949 -62.744034
 2.455 0.002937398 2.949 -62.744034
 2.513 0.002936329 2.949 -62.744034
 2.564 0.002939689 2.949 -62.744034
 2.630 0.002933581 2.949 -62.744034
 2.678 0.002939078 2.949 -62.744034
 2.730 0.002940910 2.949 -62.744034
 2.797 0.002933428 2.949 -62.744034
 2.845 0.002939689 2.949 -62.744034
 2.902 0.002939383 2.949 -62.744034
 2.968 0.002932207 2.949 -62.744034
 3.025 0.002931291 2.949 -62.744034
 3.075 0.002936330 2.949 -62.744034
 3.125 0.002940147 2.949 -62.744034
 3.187 0.002937856 2.949 -62.744034
 3.234 0.002943048 2.949 -62.744034
 3.294 0.002940910 2.949 -62.744034
 3.349 0.002940452 2.949 -62.744034
 3.413 0.002935871 2.949 -62.744034
 3.465 0.002937857 2.949 -62.744034
 3.516 0.002941063 2.949 -62.744034
 3.580 0.002938009 2.949 -62.744034
 3.632 0.002938773 2.949 -62.744034
 3.687 0.002939689 2.949 -62.744034
 3.741 0.002941521 2.949 -62.744034
 3.802 0.002937551 2.949 -62.744034
 3.851 0.002943506 2.949 -62.744034
 3.915 0.002939994 2.949 -62.744034
 3.965 0.002942590 2.949 -62.744034
 4.026 0.002940910 2.949 -62.744034
 4.083 0.002940299 2.949 -62.744034
 4.138 0.002941368 2.949 -62.744034
 4.197 0.002939078 2.949 -62.744034
 4.256 0.002938162 2.949 -62.744034
 4.301 0.002943811 2.949 -62.744034
 4.364 0.002941827 2.949 -62.744034
 4.425 0.002936482 2.949 -62.744034
 4.485 0.002936788 2.949 -62.744034
 4.533 0.002939536 2.949 -62.744034
 4.592 0.002938925 2.949 -62.744034
 4.645 0.002941826 2.949 -62.744034
 4.699 0.002943048 2.949 -62.744034
 4.753 0.002942285 2.949 -62.744034
 4.809 0.002945033 2.949 -62.744034
 4.863 0.002945338 2.949 -62.744034
 4.922 0.002943811 2.949 -62.744034
 4.975 0.002946407 2.949 -62.744034
 5.034 0.002943811 2.949 -62.744034
 5.095 0.002943506 2.949 -62.744034
 5.143 0.002947629 2.949 -62.744034
 5.208 0.002944269 2.949 -62.744034
 5.259 0.002944575 2.949 -62.744034
 5.319 0.002941216 2.949 -62.744034
 5.379 0.002941063 2.949 -62.744034
 5.430 0.002943506 2.949 -62.744034
 5.487 0.002944728 2.949 -62.744034
 5.549 0.002940605 2.949 -62.744034
 5.602 0.002941979 2.949 -62.744034
 5.660 0.002941674 2.949 -62.744034
 5.711 0.002943811 2.949 -62.744034
 5.767 0.002943659 2.949 -62.744034
 5.827 0.002941826 2.949 -62.744034
 5.874 0.002945338 2.949 -62.744034
 5.933 0.002945338 2.949 -62.744034
 5.996 0.002940452 2.949 -62.744034
 6.054 0.002938467 2.949 -62.744034
 6.110 0.002939078 2.949 -62.744034
 6.164 0.002940300 2.949 -62.744034
 6.218 0.002943201 2.949 -62.744034
 6.283 0.002938009 2.949 -62.744034
 6.319 0.002949919 2.949 -62.744034
 6.383 0.002946560 2.949 -62.744034
 6.440 0.002944269 2.949 -62.744034
 6.493 0.002947629 2.949 -62.744034
 6.552 0.002944117 2.949 -62.744034
 6.611 0.002943353 2.949 -62.744034
 6.660 0.002947934 2.949 -62.744034
 6.712 0.002950683 2.949 -62.744034
 6.770 0.002949156 2.949 -62.744034
 6.832 0.002944270 2.949 -62.744034
 6.876 0.002952820 2.949 -62.744034
 6.939 0.002949919 2.949 -62.744034
 6.996 0.002948392 2.949 -62.744034
 7.055 0.002946560 2.949 -62.744034
 7.111 0.002947476 2.949 -62.744034
 7.169 0.002945797 2.949 -62.744034
 7.222 0.002947476 2.949 -62.744034
 7.277 0.002948850 2.949 -62.744034
 7.336 0.002945949 2.949 -62.744034
 7.390 0.002948087 2.949 -62.744034
 7.450 0.002946407 2.949 -62.744034
 7.515 0.002940758 2.949 -62.744034
 7.560 0.002947018 2.949 -62.744034
 7.616 0.002946865 2.949 -62.744034
 7.676 0.002945491 2.949 -62.744034
 7.726 0.002948240 2.949 -62.744034
 7.787 0.002946102 2.949 -62.744034
 7.839 0.002949156 2.949 -62.744034
 7.903 0.002943659 2.949 -62.744034
 7.959 0.002941674 2.949 -62.744034
 8.008 0.002947323 2.949 -62.744034
 8.068 0.002946407 2.949 -62.744034
 8.122 0.002948087 2.949 -62.744034
 8.175 0.002947629 2.949 -62.744034
 8.237 0.002944728 2.949 -62.744034
 8.293 0.002944727 2.949 -62.744034
 8.354 0.002941979 2.949 -62.744034
 8.406 0.002946407 2.949 -62.744034
 8.464 0.002944117 2.949 -62.744034
 8.517 0.002945949 2.949 -62.744034
 8.581 0.002941368 2.949 -62.744034
 8.635 0.002942743 2.949 -62.744034
 8.687 0.002945491 2.949 -62.744034
 8.747 0.002945339 2.949 -62.744034
 8.791 0.002949919 2.949 -62.744034
 8.854 0.002945339 2.949 -62.744034
 8.911 0.002945797 2.949 -62.744034
 8.973 0.002944269 2.949 -62.744034
 9.026 0.002943811 2.949 -62.744034
 9.086 0.002942743 2.949 -62.744034
 9.138 0.002944880 2.949 -62.744034
 9.193 0.002947018 2.949 -62.744034
 9.247 0.002946255 2.949 -62.744034
 9.304 0.002946713 2.949 -62.744034
 9.354 0.002949461 2.949 -62.744034
 9.412 0.002949461 2.949 -62.744034
 9.468 0.002949461 2.949 -62.744034
 9.527 0.002948392 2.949 -62.744034
 9.586 0.002947476 2.949 -62.744034
 9.642 0.002946255 2.949 -62.744034
 9.692 0.002950835 2.949 -62.744034
 9.751 0.002947934 2.949 -62.744034
 9.807 0.002950225 2.949 -62.744034
 9.859 0.002952821 2.949 -62.744034
 9.926 0.002946713 2.949 -62.744034
32000
