
256
   1    1 -0.177 -0.000192343 0.000 0.000000
 -0.169 0.000049613 0.000 0.000000
 -0.169 0.000286681 0.000 0.000000
 -0.177 0.000509085 0.000 0.000000
 -0.173 0.000751041 0.000 0.000000
 -0.162 0.000985665 0.000 0.000000
 -0.173 0.001222733 0.000 0.000000
 -0.173 0.001450025 0.000 0.000000
 -0.162 0.001689537 0.000 0.000000
 -0.173 0.001916829 0.000 0.000000
 -0.165 0.002141677 0.000 0.000000
 -0.162 0.002378745 0.000 0.000000
 -0.151 0.002603593 0.000 0.000000
 -0.154 0.002830885 0.000 0.000000
 -0.147 0.003058177 0.000 0.000000
 -0.140 0.003275693 0.000 0.000000
 -0.151 0.003498097 0.000 0.000000
 -0.147 0.003710725 0.000 0.000000
 -0.147 0.003933129 0.000 0.000000
 -0.147 0.004145757 0.000 0.000000
 -0.143 0.004365717 0.000 0.000000
 -0.136 0.004563681 0.000 0.000000
 -0.125 0.004766533 0.000 0.000000
 -0.118 0.004971829 0.000 0.000000
 -0.125 0.005164905 0.000 0.000000
 -0.121 0.005362869 0.000 0.000000
 -0.110 0.005560833 0.000 0.000000
 -0.106 0.005751465 0.000 0.000000
 -0.106 0.005929877 0.000 0.000000
 -0.103 0.006115621 0.000 0.000000
 -0.103 0.006301365 0.000 0.000000
 -0.099 0.006477333 0.000 0.000000
 -0.081 0.006641081 0.000 0.000000
 -0.084 0.006814605 0.000 0.000000
 -0.084 0.006973465 0.000 0.000000
 -0.066 0.007124993 0.000 0.000000
 -0.047 0.007278965 0.000 0.000000
 -0.066 0.007435381 0.000 0.000000
 -0.044 0.007567357 0.000 0.000000
 -0.044 0.007701777 0.000 0.000000
 -0.047 0.007845973 0.000 0.000000
 -0.036 0.007977949 0.000 0.000000
 -0.029 0.008090373 0.000 0.000000
 -0.040 0.008210129 0.000 0.000000
 -0.018 0.008332329 0.000 0.000000
 -0.018 0.008437421 0.000 0.000000
 -0.003 0.008547401 0.000 0.000000
 -0.007 0.008640273 0.000 0.000000
 0.001 0.008735589 0.000 0.000000
 0.008 0.008828461 0.000 0.000000
 0.023 0.008914001 0.000 0.000000
 0.019 0.008989765 0.000 0.000000
 0.023 0.009063085 0.000 0.000000
 0.019 0.009126629 0.000 0.000000
 0.030 0.009187729 0.000 0.000000
 0.041 0.009239053 0.000 0.000000
 0.056 0.009290377 0.000 0.000000
 0.056 0.009336813 0.000 0.000000
 0.056 0.009371029 0.000 0.000000
 0.063 0.009402801 0.000 0.000000
 0.078 0.009427241 0.000 0.000000
 0.074 0.009451681 0.000 0.000000
 0.078 0.009466345 0.000 0.000000
 0.096 0.009478565 0.000 0.000000
 0.100 0.009478565 0.000 0.000000
 0.111 0.009478565 0.000 0.000000
 0.111 0.009476121 0.000 0.000000
 0.119 0.009466345 0.000 0.000000
 0.111 0.009441905 0.000 0.000000
 0.130 0.009427241 0.000 0.000000
 0.137 0.009402801 0.000 0.000000
 0.133 0.009366141 0.000 0.000000
 0.141 0.009324593 0.000 0.000000
 0.152 0.009283045 0.000 0.000000
 0.159 0.009221945 0.000 0.000000
 0.159 0.009168177 0.000 0.000000
 0.163 0.009114409 0.000 0.000000
 0.174 0.009043533 0.000 0.000000
 0.189 0.008967769 0.000 0.000000
 0.185 0.008892005 0.000 0.000000
 0.207 0.008808909 0.000 0.000000
 0.204 0.008716037 0.000 0.000000
 0.207 0.008618277 0.000 0.000000
 0.215 0.008525405 0.000 0.000000
 0.215 0.008420313 0.000 0.000000
 0.215 0.008298113 0.000 0.000000
 0.237 0.008195465 0.000 0.000000
 0.233 0.008065933 0.000 0.000000
 0.226 0.007941289 0.000 0.000000
 0.240 0.007814201 0.000 0.000000
 0.248 0.007679781 0.000 0.000000
 0.259 0.007540473 0.000 0.000000
 0.263 0.007391389 0.000 0.000000
 0.270 0.007242305 0.000 0.000000
 0.270 0.007090777 0.000 0.000000
 0.270 0.006941693 0.000 0.000000
 0.270 0.006777945 0.000 0.000000
 0.281 0.006606865 0.000 0.000000
 0.274 0.006443117 0.000 0.000000
 0.285 0.006267149 0.000 0.000000
 0.281 0.006083849 0.000 0.000000
 0.288 0.005907881 0.000 0.000000
 0.314 0.005714805 0.000 0.000000
 0.303 0.005521729 0.000 0.000000
 0.299 0.005328653 0.000 0.000000
 0.299 0.005130689 0.000 0.000000
 0.311 0.004932725 0.000 0.000000
 0.307 0.004729873 0.000 0.000000
 0.311 0.004524577 0.000 0.000000
 0.325 0.004311949 0.000 0.000000
 0.325 0.004096877 0.000 0.000000
 0.325 0.003884249 0.000 0.000000
 0.314 0.003669177 0.000 0.000000
 0.325 0.003446773 0.000 0.000000
 0.333 0.003234145 0.000 0.000000
 0.329 0.003014185 0.000 0.000000
 0.336 0.002789337 0.000 0.000000
 0.336 0.002566933 0.000 0.000000
 0.333 0.002329865 0.000 0.000000
 0.333 0.002107461 0.000 0.000000
 0.340 0.001880169 0.000 0.000000
 0.333 0.001645545 0.000 0.000000
 0.336 0.001410921 0.000 0.000000
 0.333 0.001173853 0.000 0.000000
 0.336 0.000939229 0.000 0.000000
 0.340 0.000707049 0.000 0.000000
 0.344 0.000467537 0.000 0.000000
 0.336 0.000230469 0.000 0.000000
 0.333 -0.000004155 0.000 0.000000
 0.340 -0.000229003 0.000 0.000000
 0.336 -0.000466071 0.000 0.000000
 0.329 -0.000710471 0.000 0.000000
 0.333 -0.000942651 0.000 0.000000
 0.333 -0.001162611 0.000 0.000000
 0.336 -0.001399679 0.000 0.000000
 0.333 -0.001639191 0.000 0.000000
 0.325 -0.001873815 0.000 0.000000
 0.325 -0.002096219 0.000 0.000000
 0.329 -0.002338175 0.000 0.000000
 0.322 -0.002563023 0.000 0.000000
 0.322 -0.002785427 0.000 0.000000
 0.318 -0.003010275 0.000 0.000000
 0.307 -0.003237567 0.000 0.000000
 0.314 -0.003462415 0.000 0.000000
 0.307 -0.003677487 0.000 0.000000
 0.311 -0.003885227 0.000 0.000000
 0.299 -0.004107631 0.000 0.000000
 0.311 -0.004327592 0.000 0.000000
 0.303 -0.004532888 0.000 0.000000
 0.285 -0.004745516 0.000 0.000000
 0.296 -0.004950812 0.000 0.000000
 0.285 -0.005158552 0.000 0.000000
 0.299 -0.005354072 0.000 0.000000
 0.274 -0.005547147 0.000 0.000000
 0.277 -0.005747555 0.000 0.000000
 0.266 -0.005930855 0.000 0.000000
 0.259 -0.006116599 0.000 0.000000
 0.274 -0.006304787 0.000 0.000000
 0.255 -0.006480755 0.000 0.000000
 0.259 -0.006659167 0.000 0.000000
 0.251 -0.006820471 0.000 0.000000
 0.237 -0.006993996 0.000 0.000000
 0.237 -0.007150412 0.000 0.000000
 0.240 -0.007319048 0.000 0.000000
 0.233 -0.007470576 0.000 0.000000
 0.218 -0.007607440 0.000 0.000000
 0.218 -0.007746748 0.000 0.000000
 0.215 -0.007893387 0.000 0.000000
 0.211 -0.008032695 0.000 0.000000
 0.207 -0.008147564 0.000 0.000000
 0.207 -0.008279540 0.000 0.000000
 0.200 -0.008399296 0.000 0.000000
 0.192 -0.008516608 0.000 0.000000
 0.178 -0.008621699 0.000 0.000000
 0.185 -0.008726791 0.000 0.000000
 0.174 -0.008822108 0.000 0.000000
 0.167 -0.008919868 0.000 0.000000
 0.159 -0.009010295 0.000 0.000000
 0.156 -0.009086059 0.000 0.000000
 0.156 -0.009156936 0.000 0.000000
 0.141 -0.009196039 0.000 0.000000
 0.130 -0.009210704 0.000 0.000000
 0.133 -0.009215591 0.000 0.000000
 0.115 -0.009222924 0.000 0.000000
 0.119 -0.009213148 0.000 0.000000
 0.108 -0.009218035 0.000 0.000000
 0.104 -0.009210704 0.000 0.000000
 0.096 -0.009210704 0.000 0.000000
 0.093 -0.009213148 0.000 0.000000
 0.078 -0.009208259 0.000 0.000000
 0.078 -0.009208259 0.000 0.000000
 0.071 -0.009203372 0.000 0.000000
 0.071 -0.009196039 0.000 0.000000
 0.067 -0.009196039 0.000 0.000000
 0.049 -0.009196039 0.000 0.000000
 0.052 -0.009196039 0.000 0.000000
 0.045 -0.009188708 0.000 0.000000
 0.034 -0.009181376 0.000 0.000000
 0.037 -0.009178932 0.000 0.000000
 0.026 -0.009176487 0.000 0.000000
 0.015 -0.009171600 0.000 0.000000
 0.019 -0.009164267 0.000 0.000000
 0.004 -0.009154491 0.000 0.000000
 -0.003 -0.009154491 0.000 0.000000
 -0.011 -0.009149604 0.000 0.000000
 -0.011 -0.009134940 0.000 0.000000
 -0.014 -0.009117831 0.000 0.000000
 -0.018 -0.009059176 0.000 0.000000
 -0.029 -0.008990743 0.000 0.000000
 -0.029 -0.008907648 0.000 0.000000
 -0.022 -0.008807443 0.000 0.000000
 -0.033 -0.008707239 0.000 0.000000
 -0.044 -0.008599703 0.000 0.000000
 -0.058 -0.008487280 0.000 0.000000
 -0.062 -0.008379743 0.000 0.000000
 -0.066 -0.008252655 0.000 0.000000
 -0.062 -0.008118236 0.000 0.000000
 -0.081 -0.007993592 0.000 0.000000
 -0.077 -0.007859171 0.000 0.000000
 -0.092 -0.007727196 0.000 0.000000
 -0.095 -0.007575667 0.000 0.000000
 -0.088 -0.007438804 0.000 0.000000
 -0.106 -0.007277499 0.000 0.000000
 -0.114 -0.007128416 0.000 0.000000
 -0.103 -0.006967111 0.000 0.000000
 -0.106 -0.006800919 0.000 0.000000
 -0.114 -0.006632283 0.000 0.000000
 -0.114 -0.006446539 0.000 0.000000
 -0.125 -0.006268127 0.000 0.000000
 -0.136 -0.006079940 0.000 0.000000
 -0.129 -0.005899083 0.000 0.000000
 -0.140 -0.005708451 0.000 0.000000
 -0.136 -0.005522707 0.000 0.000000
 -0.143 -0.005314968 0.000 0.000000
 -0.147 -0.005117003 0.000 0.000000
 -0.143 -0.004914152 0.000 0.000000
 -0.140 -0.004708855 0.000 0.000000
 -0.143 -0.004498671 0.000 0.000000
 -0.158 -0.004286043 0.000 0.000000
 -0.151 -0.004066084 0.000 0.000000
 -0.158 -0.003853455 0.000 0.000000
 -0.165 -0.003640827 0.000 0.000000
 -0.165 -0.003420867 0.000 0.000000
 -0.177 -0.003193575 0.000 0.000000
 -0.154 -0.002966283 0.000 0.000000
 -0.165 -0.002734103 0.000 0.000000
 -0.165 -0.002506811 0.000 0.000000
 -0.169 -0.002291739 0.000 0.000000
 -0.165 -0.002057115 0.000 0.000000
 -0.169 -0.001832267 0.000 0.000000
 -0.173 -0.001595199 0.000 0.000000
 -0.173 -0.001360575 0.000 0.000000
 -0.180 -0.001113731 0.000 0.000000
 -0.177 -0.000891327 0.000 0.000000
 -0.177 -0.000644483 0.000 0.000000
 -0.169 -0.000424523 0.000 0.000000
   1    2 -0.026 -0.000019120 0.000 0.000000
 0.015 -0.000012710 0.000 0.000000
 0.064 -0.000017600 0.000 0.000000
 0.111 -0.000016070 0.000 0.000000
 0.154 -0.000011790 0.000 0.000000
 0.211 -0.000013930 0.000 0.000000
 0.259 -0.000011490 0.000 0.000000
 0.305 -0.000013630 0.000 0.000000
 0.359 -0.000016070 0.000 0.000000
 0.409 -0.000013010 0.000 0.000000
 0.454 -0.000011180 0.000 0.000000
 0.493 -0.000006900 0.000 0.000000
 0.528 0.000009590 0.000 0.000000
 0.546 0.000028230 0.000 0.000000
 0.558 0.000053280 0.000 0.000000
 0.565 0.000082300 0.000 0.000000
 0.575 0.000105820 0.000 0.000000
 0.579 0.000139120 0.000 0.000000
 0.585 0.000166920 0.000 0.000000
 0.589 0.000195030 0.000 0.000000
 0.596 0.000223750 0.000 0.000000
 0.596 0.000254910 0.000 0.000000
 0.600 0.000289120 0.000 0.000000
 0.602 0.000316010 0.000 0.000000
 0.606 0.000351750 0.000 0.000000
 0.610 0.000385360 0.000 0.000000
 0.612 0.000417430 0.000 0.000000
 0.616 0.000448900 0.000 0.000000
 0.617 0.000479150 0.000 0.000000
 0.620 0.000510000 0.000 0.000000
 0.620 0.000542690 0.000 0.000000
 0.624 0.000572630 0.000 0.000000
 0.625 0.000606540 0.000 0.000000
 0.627 0.000636170 0.000 0.000000
 0.628 0.000667940 0.000 0.000000
 0.631 0.000701240 0.000 0.000000
 0.631 0.000737600 0.000 0.000000
 0.633 0.000766620 0.000 0.000000
 0.635 0.000801450 0.000 0.000000
 0.634 0.000830470 0.000 0.000000
 0.638 0.000865300 0.000 0.000000
 0.637 0.000894010 0.000 0.000000
 0.640 0.000931900 0.000 0.000000
 0.642 0.000960610 0.000 0.000000
 0.640 0.000996970 0.000 0.000000
 0.643 0.001027210 0.000 0.000000
 0.645 0.001061730 0.000 0.000000
 0.645 0.001091980 0.000 0.000000
 0.648 0.001128640 0.000 0.000000
 0.645 0.001163470 0.000 0.000000
 0.648 0.001194020 0.000 0.000000
 0.650 0.001227320 0.000 0.000000
 0.650 0.001259090 0.000 0.000000
 0.651 0.001290250 0.000 0.000000
 0.651 0.001322020 0.000 0.000000
 0.654 0.001354710 0.000 0.000000
 0.655 0.001387400 0.000 0.000000
 0.653 0.001420090 0.000 0.000000
 0.657 0.001451860 0.000 0.000000
 0.655 0.001485160 0.000 0.000000
 0.656 0.001520900 0.000 0.000000
 0.657 0.001554200 0.000 0.000000
 0.660 0.001585360 0.000 0.000000
 0.660 0.001620490 0.000 0.000000
 0.659 0.001647380 0.000 0.000000
 0.663 0.001683730 0.000 0.000000
 0.659 0.001716730 0.000 0.000000
 0.662 0.001749410 0.000 0.000000
 0.664 0.001782410 0.000 0.000000
 0.665 0.001813570 0.000 0.000000
 0.664 0.001845340 0.000 0.000000
 0.664 0.001879250 0.000 0.000000
 0.664 0.001912250 0.000 0.000000
 0.665 0.001948300 0.000 0.000000
 0.665 0.001980370 0.000 0.000000
 0.668 0.002012450 0.000 0.000000
 0.667 0.002046970 0.000 0.000000
 0.670 0.002077830 0.000 0.000000
 0.672 0.002108680 0.000 0.000000
 0.668 0.002140450 0.000 0.000000
 0.668 0.002176200 0.000 0.000000
 0.670 0.002204610 0.000 0.000000
 0.670 0.002242190 0.000 0.000000
 0.672 0.002271510 0.000 0.000000
 0.671 0.002311230 0.000 0.000000
 0.673 0.002343610 0.000 0.000000
 0.674 0.002375690 0.000 0.000000
 0.673 0.002406850 0.000 0.000000
 0.675 0.002438930 0.000 0.000000
 0.673 0.002474370 0.000 0.000000
 0.675 0.002506140 0.000 0.000000
 0.673 0.002537300 0.000 0.000000
 0.676 0.002572130 0.000 0.000000
 0.677 0.002599010 0.000 0.000000
 0.678 0.002635060 0.000 0.000000
 0.677 0.002668660 0.000 0.000000
 0.676 0.002703490 0.000 0.000000
 0.677 0.002737100 0.000 0.000000
 0.680 0.002764290 0.000 0.000000
 0.677 0.002802780 0.000 0.000000
 0.679 0.002831190 0.000 0.000000
 0.680 0.002867550 0.000 0.000000
 0.680 0.002897180 0.000 0.000000
 0.681 0.002930480 0.000 0.000000
 0.679 0.002964080 0.000 0.000000
 0.680 0.002991880 0.000 0.000000
 0.680 0.003029460 0.000 0.000000
 0.683 0.003058180 0.000 0.000000
 0.681 0.003096670 0.000 0.000000
 0.682 0.003123860 0.000 0.000000
 0.683 0.003159910 0.000 0.000000
 0.685 0.003193510 0.000 0.000000
 0.682 0.003225900 0.000 0.000000
 0.684 0.003261030 0.000 0.000000
 0.686 0.003289130 0.000 0.000000
 0.685 0.003323350 0.000 0.000000
 0.686 0.003356340 0.000 0.000000
 0.685 0.003388120 0.000 0.000000
 0.687 0.003422030 0.000 0.000000
 0.686 0.003458080 0.000 0.000000
 0.686 0.003488320 0.000 0.000000
 0.686 0.003525290 0.000 0.000000
 0.686 0.003557670 0.000 0.000000
 0.688 0.003591890 0.000 0.000000
 0.687 0.003622440 0.000 0.000000
 0.689 0.003656960 0.000 0.000000
 0.688 0.003689030 0.000 0.000000
 0.692 0.003720500 0.000 0.000000
 0.691 0.003754110 0.000 0.000000
 0.690 0.003788630 0.000 0.000000
 0.688 0.003818260 0.000 0.000000
 0.687 0.003857670 0.000 0.000000
 0.690 0.003890660 0.000 0.000000
 0.689 0.003924570 0.000 0.000000
 0.692 0.003954510 0.000 0.000000
 0.692 0.003990260 0.000 0.000000
 0.694 0.004019580 0.000 0.000000
 0.691 0.004056860 0.000 0.000000
 0.691 0.004088020 0.000 0.000000
 0.693 0.004121320 0.000 0.000000
 0.690 0.004155230 0.000 0.000000
 0.695 0.004185470 0.000 0.000000
 0.694 0.004219690 0.000 0.000000
 0.694 0.004253900 0.000 0.000000
 0.691 0.004289340 0.000 0.000000
 0.694 0.004322340 0.000 0.000000
 0.694 0.004354410 0.000 0.000000
 0.695 0.004387410 0.000 0.000000
 0.696 0.004418870 0.000 0.000000
 0.695 0.004448510 0.000 0.000000
 0.697 0.004483640 0.000 0.000000
 0.696 0.004517250 0.000 0.000000
 0.697 0.004548100 0.000 0.000000
 0.698 0.004582930 0.000 0.000000
 0.696 0.004612870 0.000 0.000000
 0.696 0.004653190 0.000 0.000000
 0.697 0.004681600 0.000 0.000000
 0.695 0.004715820 0.000 0.000000
 0.698 0.004748810 0.000 0.000000
 0.698 0.004781200 0.000 0.000000
 0.697 0.004816020 0.000 0.000000
 0.699 0.004845350 0.000 0.000000
 0.698 0.004879260 0.000 0.000000
 0.700 0.004912260 0.000 0.000000
 0.700 0.004945250 0.000 0.000000
 0.699 0.004980380 0.000 0.000000
 0.701 0.005006660 0.000 0.000000
 0.700 0.005047290 0.000 0.000000
 0.702 0.005080280 0.000 0.000000
 0.700 0.005114190 0.000 0.000000
 0.704 0.005144740 0.000 0.000000
 0.698 0.005179260 0.000 0.000000
 0.701 0.005212260 0.000 0.000000
 0.699 0.005246170 0.000 0.000000
 0.703 0.005277330 0.000 0.000000
 0.703 0.005308180 0.000 0.000000
 0.699 0.005341480 0.000 0.000000
 0.701 0.005374170 0.000 0.000000
 0.701 0.005407470 0.000 0.000000
 0.704 0.005446580 0.000 0.000000
 0.701 0.005479570 0.000 0.000000
 0.702 0.005510730 0.000 0.000000
 0.704 0.005545250 0.000 0.000000
 0.703 0.005577940 0.000 0.000000
 0.705 0.005610320 0.000 0.000000
 0.705 0.005643620 0.000 0.000000
 0.705 0.005671730 0.000 0.000000
 0.705 0.005707470 0.000 0.000000
 0.704 0.005735580 0.000 0.000000
 0.702 0.005775290 0.000 0.000000
 0.705 0.005803400 0.000 0.000000
 0.704 0.005844340 0.000 0.000000
 0.704 0.005878860 0.000 0.000000
 0.706 0.005909100 0.000 0.000000
 0.709 0.005942100 0.000 0.000000
 0.705 0.005973870 0.000 0.000000
 0.706 0.006009610 0.000 0.000000
 0.705 0.006039550 0.000 0.000000
 0.707 0.006071930 0.000 0.000000
 0.705 0.006106460 0.000 0.000000
 0.709 0.006136700 0.000 0.000000
 0.708 0.006170610 0.000 0.000000
 0.707 0.006203300 0.000 0.000000
 0.705 0.006242100 0.000 0.000000
 0.709 0.006272650 0.000 0.000000
 0.708 0.006307480 0.000 0.000000
 0.708 0.006336190 0.000 0.000000
 0.708 0.006368880 0.000 0.000000
 0.708 0.006399120 0.000 0.000000
 0.708 0.006436090 0.000 0.000000
 0.709 0.006466030 0.000 0.000000
 0.708 0.006500550 0.000 0.000000
 0.710 0.006531710 0.000 0.000000
 0.710 0.006566230 0.000 0.000000
 0.710 0.006600140 0.000 0.000000
 0.710 0.006635890 0.000 0.000000
 0.709 0.006667050 0.000 0.000000
 0.710 0.006704010 0.000 0.000000
 0.711 0.006733340 0.000 0.000000
 0.711 0.006765110 0.000 0.000000
 0.712 0.006799640 0.000 0.000000
 0.711 0.006827740 0.000 0.000000
 0.713 0.006864400 0.000 0.000000
 0.710 0.006893730 0.000 0.000000
 0.712 0.006931610 0.000 0.000000
 0.713 0.006959410 0.000 0.000000
 0.713 0.007000960 0.000 0.000000
 0.712 0.007031810 0.000 0.000000
 0.712 0.007064510 0.000 0.000000
 0.714 0.007099020 0.000 0.000000
 0.716 0.007128960 0.000 0.000000
 0.713 0.007163490 0.000 0.000000
 0.715 0.007194340 0.000 0.000000
 0.714 0.007227030 0.000 0.000000
 0.712 0.007262470 0.000 0.000000
 0.715 0.007293930 0.000 0.000000
 0.715 0.007326620 0.000 0.000000
 0.714 0.007360530 0.000 0.000000
 0.715 0.007398410 0.000 0.000000
 0.714 0.007432330 0.000 0.000000
 0.716 0.007461650 0.000 0.000000
 0.717 0.007497090 0.000 0.000000
 0.718 0.007527340 0.000 0.000000
 0.715 0.007563390 0.000 0.000000
 0.717 0.007592710 0.000 0.000000
 0.715 0.007627230 0.000 0.000000
 0.718 0.007660840 0.000 0.000000
 0.716 0.007690780 0.000 0.000000
 0.718 0.007724990 0.000 0.000000
 0.715 0.007755550 0.000 0.000000
 0.718 0.007796180 0.000 0.000000
 0.715 0.007826420 0.000 0.000000
 0.720 0.007861550 0.000 0.000000
 0.716 0.007895460 0.000 0.000000
 0.716 0.007925100 0.000 0.000000
 0.720 0.007960840 0.000 0.000000
32000
