
256
   1    1 0.164 0.000664080 0.000 0.000000
 0.507 0.000641025 0.000 0.000000
 0.838 0.000618838 0.000 0.000000
 1.158 0.000597270 0.000 0.000000
 1.460 0.000576570 0.000 0.000000
 1.762 0.000556366 0.000 0.000000
 2.045 0.000537278 0.000 0.000000
 2.327 0.000518437 0.000 0.000000
 2.592 0.000500341 0.000 0.000000
 2.850 0.000482863 0.000 0.000000
 3.098 0.000466130 0.000 0.000000
 3.341 0.000450140 0.000 0.000000
 3.571 0.000434275 0.000 0.000000
 3.792 0.000419029 0.000 0.000000
 4.009 0.000404402 0.000 0.000000
 4.217 0.000390396 0.000 0.000000
 4.416 0.000376885 0.000 0.000000
 4.609 0.000363623 0.000 0.000000
 4.797 0.000351227 0.000 0.000000
 4.977 0.000338708 0.000 0.000000
 5.152 0.000327057 0.000 0.000000
 5.320 0.000315530 0.000 0.000000
 5.483 0.000304622 0.000 0.000000
 5.640 0.000294086 0.000 0.000000
 5.791 0.000283798 0.000 0.000000
 5.936 0.000274006 0.000 0.000000
 6.076 0.000264462 0.000 0.000000
 6.214 0.000255165 0.000 0.000000
 6.347 0.000246365 0.000 0.000000
 6.475 0.000237812 0.000 0.000000
 6.595 0.000229632 0.000 0.000000
 6.713 0.000221451 0.000 0.000000
 6.827 0.000213766 0.000 0.000000
 6.939 0.000206577 0.000 0.000000
 7.044 0.000199388 0.000 0.000000
 7.144 0.000192322 0.000 0.000000
 7.243 0.000185629 0.000 0.000000
 7.339 0.000178936 0.000 0.000000
 7.432 0.000172862 0.000 0.000000
 7.521 0.000166788 0.000 0.000000
 7.604 0.000161087 0.000 0.000000
 7.690 0.000155385 0.000 0.000000
 7.767 0.000149931 0.000 0.000000
 7.843 0.000144849 0.000 0.000000
 7.920 0.000139767 0.000 0.000000
 7.990 0.000135057 0.000 0.000000
 8.058 0.000130099 0.000 0.000000
 8.128 0.000125513 0.000 0.000000
 8.191 0.000121050 0.000 0.000000
 8.253 0.000116836 0.000 0.000000
 8.312 0.000112994 0.000 0.000000
 8.375 0.000108903 0.000 0.000000
 8.426 0.000105061 0.000 0.000000
 8.485 0.000101466 0.000 0.000000
 8.535 0.000097872 0.000 0.000000
 8.583 0.000094401 0.000 0.000000
 8.633 0.000091178 0.000 0.000000
 8.680 0.000087956 0.000 0.000000
 8.730 0.000084981 0.000 0.000000
 8.769 0.000082006 0.000 0.000000
 8.813 0.000079155 0.000 0.000000
 8.853 0.000076304 0.000 0.000000
 8.892 0.000073701 0.000 0.000000
 8.931 0.000071098 0.000 0.000000
 8.969 0.000068619 0.000 0.000000
 9.002 0.000066264 0.000 0.000000
 9.036 0.000063785 0.000 0.000000
 9.071 0.000061678 0.000 0.000000
 9.104 0.000059447 0.000 0.000000
 9.133 0.000057464 0.000 0.000000
 9.161 0.000055604 0.000 0.000000
 9.192 0.000053497 0.000 0.000000
 9.218 0.000051514 0.000 0.000000
 9.245 0.000050027 0.000 0.000000
 9.269 0.000048291 0.000 0.000000
 9.297 0.000046308 0.000 0.000000
 9.321 0.000044821 0.000 0.000000
 9.343 0.000043209 0.000 0.000000
 9.365 0.000041722 0.000 0.000000
 9.385 0.000040234 0.000 0.000000
 9.407 0.000038995 0.000 0.000000
 9.431 0.000037384 0.000 0.000000
 9.446 0.000036144 0.000 0.000000
 9.466 0.000035029 0.000 0.000000
 9.485 0.000033789 0.000 0.000000
 9.499 0.000032549 0.000 0.000000
 9.518 0.000031558 0.000 0.000000
 9.536 0.000030318 0.000 0.000000
 9.551 0.000028955 0.000 0.000000
 9.566 0.000028087 0.000 0.000000
 9.580 0.000027220 0.000 0.000000
 9.597 0.000026104 0.000 0.000000
 9.606 0.000025360 0.000 0.000000
 9.621 0.000024369 0.000 0.000000
 9.632 0.000023625 0.000 0.000000
 9.649 0.000022633 0.000 0.000000
 9.660 0.000021890 0.000 0.000000
 9.671 0.000021146 0.000 0.000000
 9.682 0.000020402 0.000 0.000000
 9.691 0.000019659 0.000 0.000000
 9.704 0.000019039 0.000 0.000000
 9.711 0.000018295 0.000 0.000000
 9.722 0.000017551 0.000 0.000000
 9.729 0.000017180 0.000 0.000000
 9.737 0.000016560 0.000 0.000000
 9.746 0.000016064 0.000 0.000000
 9.755 0.000015320 0.000 0.000000
 9.763 0.000014701 0.000 0.000000
 9.772 0.000014329 0.000 0.000000
 9.781 0.000013709 0.000 0.000000
 9.787 0.000013089 0.000 0.000000
 9.794 0.000012717 0.000 0.000000
 9.801 0.000012222 0.000 0.000000
 9.805 0.000011974 0.000 0.000000
 9.810 0.000011354 0.000 0.000000
 9.820 0.000011106 0.000 0.000000
 9.825 0.000010610 0.000 0.000000
 9.829 0.000010362 0.000 0.000000
 9.836 0.000009866 0.000 0.000000
 9.840 0.000009495 0.000 0.000000
 9.844 0.000009123 0.000 0.000000
 9.849 0.000008999 0.000 0.000000
 9.855 0.000008503 0.000 0.000000
 9.860 0.000008255 0.000 0.000000
 9.864 0.000007883 0.000 0.000000
 9.866 0.000007759 0.000 0.000000
 9.871 0.000007511 0.000 0.000000
 9.877 0.000007140 0.000 0.000000
 9.879 0.000006768 0.000 0.000000
 9.884 0.000006520 0.000 0.000000
 9.890 0.000006272 0.000 0.000000
 9.891 0.000006024 0.000 0.000000
 9.895 0.000005900 0.000 0.000000
 9.899 0.000005652 0.000 0.000000
 9.903 0.000005404 0.000 0.000000
 9.906 0.000005156 0.000 0.000000
 9.908 0.000005032 0.000 0.000000
 9.910 0.000004784 0.000 0.000000
 9.914 0.000004537 0.000 0.000000
 9.915 0.000004413 0.000 0.000000
 9.921 0.000004289 0.000 0.000000
 9.921 0.000004165 0.000 0.000000
 9.923 0.000003917 0.000 0.000000
 9.926 0.000003793 0.000 0.000000
 9.928 0.000003669 0.000 0.000000
 9.928 0.000003669 0.000 0.000000
 9.932 0.000003421 0.000 0.000000
 9.932 0.000003297 0.000 0.000000
 9.936 0.000003421 0.000 0.000000
 9.936 0.000003049 0.000 0.000000
 9.939 0.000002925 0.000 0.000000
 9.939 0.000003049 0.000 0.000000
 9.941 0.000002553 0.000 0.000000
 9.943 0.000002553 0.000 0.000000
 9.945 0.000002429 0.000 0.000000
 9.945 0.000002305 0.000 0.000000
 9.947 0.000002429 0.000 0.000000
 9.949 0.000002181 0.000 0.000000
 9.950 0.000002181 0.000 0.000000
 9.952 0.000002058 0.000 0.000000
 9.952 0.000001934 0.000 0.000000
 9.952 0.000001934 0.000 0.000000
 9.956 0.000001810 0.000 0.000000
 9.954 0.000001810 0.000 0.000000
 9.958 0.000001562 0.000 0.000000
 9.958 0.000001562 0.000 0.000000
 9.958 0.000001686 0.000 0.000000
 9.960 0.000001438 0.000 0.000000
 9.961 0.000001562 0.000 0.000000
 9.960 0.000001314 0.000 0.000000
 9.963 0.000001314 0.000 0.000000
 9.965 0.000001190 0.000 0.000000
 9.963 0.000001066 0.000 0.000000
 9.963 0.000001314 0.000 0.000000
 9.965 0.000001190 0.000 0.000000
 9.965 0.000001066 0.000 0.000000
 9.963 0.000000942 0.000 0.000000
 9.965 0.000000942 0.000 0.000000
 9.969 0.000000942 0.000 0.000000
 9.967 0.000000942 0.000 0.000000
 9.969 0.000000818 0.000 0.000000
 9.969 0.000000818 0.000 0.000000
 9.969 0.000000818 0.000 0.000000
 9.971 0.000000818 0.000 0.000000
 9.971 0.000000818 0.000 0.000000
 9.972 0.000000694 0.000 0.000000
 9.972 0.000000570 0.000 0.000000
 9.972 0.000000694 0.000 0.000000
 9.972 0.000000570 0.000 0.000000
 9.972 0.000000570 0.000 0.000000
 9.976 0.000000446 0.000 0.000000
 9.974 0.000000446 0.000 0.000000
 9.974 0.000000322 0.000 0.000000
 9.974 0.000000322 0.000 0.000000
 9.976 0.000000446 0.000 0.000000
 9.976 0.000000446 0.000 0.000000
 9.976 0.000000322 0.000 0.000000
 9.976 0.000000322 0.000 0.000000
 9.978 0.000000322 0.000 0.000000
 9.980 0.000000322 0.000 0.000000
 9.978 0.000000322 0.000 0.000000
 9.978 0.000000198 0.000 0.000000
 9.978 0.000000322 0.000 0.000000
 9.978 0.000000322 0.000 0.000000
 9.976 0.000000198 0.000 0.000000
 9.978 0.000000198 0.000 0.000000
 9.978 0.000000198 0.000 0.000000
 9.980 0.000000198 0.000 0.000000
 9.980 0.000000322 0.000 0.000000
 9.982 0.000000074 0.000 0.000000
 9.978 0.000000074 0.000 0.000000
 9.980 0.000000074 0.000 0.000000
 9.978 0.000000074 0.000 0.000000
 9.982 0.000000198 0.000 0.000000
 9.980 0.000000074 0.000 0.000000
 9.982 0.000000074 0.000 0.000000
 9.983 -0.000000050 0.000 0.000000
 9.980 -0.000000050 0.000 0.000000
 9.982 0.000000074 0.000 0.000000
 9.980 0.000000074 0.000 0.000000
 9.983 -0.000000050 0.000 0.000000
 9.982 0.000000074 0.000 0.000000
 9.982 -0.000000050 0.000 0.000000
 9.983 -0.000000050 0.000 0.000000
 9.983 -0.000000050 0.000 0.000000
 9.980 -0.000000050 0.000 0.000000
 9.982 -0.000000050 0.000 0.000000
 9.982 0.000000074 0.000 0.000000
 9.985 0.000000074 0.000 0.000000
 9.983 -0.000000174 0.000 0.000000
 9.983 -0.000000050 0.000 0.000000
 9.982 -0.000000050 0.000 0.000000
 9.983 0.000000074 0.000 0.000000
 9.982 0.000000074 0.000 0.000000
 9.983 -0.000000050 0.000 0.000000
 9.983 -0.000000050 0.000 0.000000
 9.983 -0.000000050 0.000 0.000000
 9.983 -0.000000050 0.000 0.000000
 9.982 -0.000000050 0.000 0.000000
 9.983 -0.000000174 0.000 0.000000
 9.983 -0.000000298 0.000 0.000000
 9.983 -0.000000174 0.000 0.000000
 9.985 -0.000000050 0.000 0.000000
 9.983 -0.000000174 0.000 0.000000
 9.985 -0.000000174 0.000 0.000000
 9.985 -0.000000174 0.000 0.000000
 9.983 -0.000000174 0.000 0.000000
 9.985 -0.000000174 0.000 0.000000
 9.987 -0.000000050 0.000 0.000000
 9.985 -0.000000174 0.000 0.000000
 9.985 -0.000000174 0.000 0.000000
 9.983 -0.000000174 0.000 0.000000
 9.985 -0.000000298 0.000 0.000000
 9.985 -0.000000298 0.000 0.000000
 9.985 -0.000000174 0.000 0.000000
 9.983 -0.000000174 0.000 0.000000
   1    2 5.119 0.000135000 0.000 0.000000
 5.080 0.000139000 0.000 0.000000
 5.035 0.000144000 0.000 0.000000
 4.996 0.000141000 0.000 0.000000
 4.956 0.000144000 0.000 0.000000
 4.917 0.000142000 0.000 0.000000
 4.878 0.000142000 0.000 0.000000
 4.838 0.000141000 0.000 0.000000
 4.799 0.000143000 0.000 0.000000
 4.759 0.000138000 0.000 0.000000
 4.720 0.000138000 0.000 0.000000
 4.675 0.000139000 0.000 0.000000
 4.636 0.000141000 0.000 0.000000
 4.596 0.000141000 0.000 0.000000
 4.557 0.000143000 0.000 0.000000
 4.518 0.000143000 0.000 0.000000
 4.478 0.000143000 0.000 0.000000
 4.439 0.000145000 0.000 0.000000
 4.399 0.000138000 0.000 0.000000
 4.360 0.000140000 0.000 0.000000
 4.315 0.000144000 0.000 0.000000
 4.276 0.000141000 0.000 0.000000
 4.236 0.000143000 0.000 0.000000
 4.197 0.000144000 0.000 0.000000
 4.158 0.000143000 0.000 0.000000
 4.118 0.000143000 0.000 0.000000
 4.079 0.000144000 0.000 0.000000
 4.039 0.000139000 0.000 0.000000
 4.000 0.000137000 0.000 0.000000
 3.955 0.000138000 0.000 0.000000
 3.916 0.000143000 0.000 0.000000
 3.876 0.000139000 0.000 0.000000
 3.837 0.000142000 0.000 0.000000
 3.797 0.000140000 0.000 0.000000
 3.758 0.000142000 0.000 0.000000
 3.719 0.000143000 0.000 0.000000
 3.679 0.000143000 0.000 0.000000
 3.640 0.000144000 0.000 0.000000
 3.595 0.000138000 0.000 0.000000
 3.556 0.000138000 0.000 0.000000
 3.516 0.000142000 0.000 0.000000
 3.477 0.000140000 0.000 0.000000
 3.437 0.000142000 0.000 0.000000
 3.398 0.000144000 0.000 0.000000
 3.359 0.000142000 0.000 0.000000
 3.319 0.000143000 0.000 0.000000
 3.280 0.000144000 0.000 0.000000
 3.235 0.000139000 0.000 0.000000
 3.196 0.000143000 0.000 0.000000
 3.156 0.000144000 0.000 0.000000
 3.117 0.000141000 0.000 0.000000
 3.077 0.000142000 0.000 0.000000
 3.038 0.000144000 0.000 0.000000
 2.999 0.000137000 0.000 0.000000
 2.959 0.000137000 0.000 0.000000
 2.920 0.000137000 0.000 0.000000
 2.875 0.000141000 0.000 0.000000
 2.836 0.000141000 0.000 0.000000
 2.796 0.000141000 0.000 0.000000
 2.757 0.000142000 0.000 0.000000
 2.717 0.000135000 0.000 0.000000
 2.678 0.000135000 0.000 0.000000
 2.639 0.000142000 0.000 0.000000
 2.599 0.000141000 0.000 0.000000
 2.560 0.000144000 0.000 0.000000
 2.515 0.000142000 0.000 0.000000
 2.476 0.000143000 0.000 0.000000
 2.436 0.000142000 0.000 0.000000
 2.397 0.000137000 0.000 0.000000
 2.357 0.000142000 0.000 0.000000
 2.318 0.000136000 0.000 0.000000
 2.278 0.000137000 0.000 0.000000
 2.239 0.000135000 0.000 0.000000
 2.200 0.000138000 0.000 0.000000
 2.155 0.000145000 0.000 0.000000
 2.116 0.000139000 0.000 0.000000
 2.076 0.000142000 0.000 0.000000
 2.037 0.000141000 0.000 0.000000
 1.997 0.000142000 0.000 0.000000
 1.958 0.000141000 0.000 0.000000
 1.918 0.000141000 0.000 0.000000
 1.879 0.000137000 0.000 0.000000
 1.840 0.000137000 0.000 0.000000
 1.795 0.000137000 0.000 0.000000
 1.756 0.000137000 0.000 0.000000
 1.716 0.000138000 0.000 0.000000
 1.677 0.000143000 0.000 0.000000
 1.637 0.000142000 0.000 0.000000
 1.598 0.000136000 0.000 0.000000
 1.558 0.000143000 0.000 0.000000
 1.519 0.000136000 0.000 0.000000
 1.480 0.000143000 0.000 0.000000
 1.435 0.000141000 0.000 0.000000
 1.396 0.000140000 0.000 0.000000
 1.356 0.000139000 0.000 0.000000
 1.317 0.000141000 0.000 0.000000
 1.277 0.000137000 0.000 0.000000
 1.238 0.000140000 0.000 0.000000
 1.198 0.000146000 0.000 0.000000
 1.159 0.000142000 0.000 0.000000
 1.120 0.000138000 0.000 0.000000
 1.075 0.000142000 0.000 0.000000
 1.036 0.000144000 0.000 0.000000
 0.996 0.000143000 0.000 0.000000
 0.957 0.000137000 0.000 0.000000
 0.917 0.000143000 0.000 0.000000
 0.878 0.000144000 0.000 0.000000
 0.838 0.000140000 0.000 0.000000
 0.799 0.000139000 0.000 0.000000
 0.759 0.004442000 0.000 0.000000
 0.715 0.004442000 0.000 0.000000
 0.676 0.004440000 0.000 0.000000
 0.636 0.004445000 0.000 0.000000
 0.597 0.004439000 0.000 0.000000
 0.557 0.004440000 0.000 0.000000
 0.518 0.004441000 0.000 0.000000
 0.478 0.004444000 0.000 0.000000
 0.439 0.004431000 0.000 0.000000
 0.399 0.004431000 0.000 0.000000
 0.355 0.004438000 0.000 0.000000
 0.316 0.004437000 0.000 0.000000
 0.276 0.004437000 0.000 0.000000
 0.237 0.004440000 0.000 0.000000
 0.197 0.004441000 0.000 0.000000
 0.158 0.004440000 0.000 0.000000
 0.118 0.004438000 0.000 0.000000
 0.079 0.004437000 0.000 0.000000
 0.039 0.004441000 0.000 0.000000
 0.039 0.004441000 0.000 0.000000
 0.039 0.004441000 0.000 0.000000
 0.039 0.004441000 0.000 0.000000
 0.039 0.004441000 0.000 0.000000
 0.039 0.004441000 0.000 0.000000
 0.039 0.004441000 0.000 0.000000
 0.039 0.004441000 0.000 0.000000
 0.039 0.004441000 0.000 0.000000
 0.039 0.004441000 0.000 0.000000
 0.039 0.004441000 0.000 0.000000
 0.039 0.004441000 0.000 0.000000
 0.039 0.004441000 0.000 0.000000
 0.039 0.004441000 0.000 0.000000
 0.039 0.004441000 0.000 0.000000
 0.039 0.004441000 0.000 0.000000
 0.039 0.004441000 0.000 0.000000
 0.039 0.004441000 0.000 0.000000
 0.039 0.004441000 0.000 0.000000
 0.039 0.004441000 0.000 0.000000
 0.039 0.004441000 0.000 0.000000
 0.039 0.004441000 0.000 0.000000
 0.039 0.004441000 0.000 0.000000
 0.039 0.004441000 0.000 0.000000
 0.039 0.004441000 0.000 0.000000
 0.039 0.004441000 0.000 0.000000
 0.039 0.004441000 0.000 0.000000
 0.039 0.004441000 0.000 0.000000
 0.039 0.004441000 0.000 0.000000
 0.039 0.004441000 0.000 0.000000
 0.039 0.004441000 0.000 0.000000
 0.039 0.004441000 0.000 0.000000
 0.039 0.004441000 0.000 0.000000
 0.039 0.004441000 0.000 0.000000
 0.039 0.004441000 0.000 0.000000
 0.039 0.004441000 0.000 0.000000
 0.039 0.004441000 0.000 0.000000
 0.039 0.004441000 0.000 0.000000
 0.039 0.004441000 0.000 0.000000
 0.039 0.004441000 0.000 0.000000
 0.039 0.004441000 0.000 0.000000
 0.039 0.004441000 0.000 0.000000
 0.039 0.004441000 0.000 0.000000
 0.039 0.004441000 0.000 0.000000
 0.039 0.004441000 0.000 0.000000
 0.039 0.004441000 0.000 0.000000
 0.039 0.004441000 0.000 0.000000
 0.039 0.004441000 0.000 0.000000
 0.039 0.004441000 0.000 0.000000
 0.039 0.004441000 0.000 0.000000
 0.039 0.004441000 0.000 0.000000
 0.039 0.004441000 0.000 0.000000
 0.039 0.004441000 0.000 0.000000
 0.039 0.004441000 0.000 0.000000
 0.039 0.004441000 0.000 0.000000
 0.039 0.004441000 0.000 0.000000
 0.039 0.004441000 0.000 0.000000
 0.039 0.004441000 0.000 0.000000
 0.039 0.004441000 0.000 0.000000
 0.039 0.004441000 0.000 0.000000
 0.039 0.004441000 0.000 0.000000
 0.039 0.004441000 0.000 0.000000
 0.039 0.004441000 0.000 0.000000
 0.039 0.004441000 0.000 0.000000
 0.039 0.004441000 0.000 0.000000
 0.039 0.004441000 0.000 0.000000
 0.039 0.004441000 0.000 0.000000
 0.039 0.004441000 0.000 0.000000
 0.039 0.004441000 0.000 0.000000
 0.039 0.004441000 0.000 0.000000
 0.039 0.004441000 0.000 0.000000
 0.039 0.004441000 0.000 0.000000
 0.039 0.004441000 0.000 0.000000
 0.039 0.004441000 0.000 0.000000
 0.039 0.004441000 0.000 0.000000
 0.039 0.004441000 0.000 0.000000
 0.039 0.004441000 0.000 0.000000
 0.039 0.004441000 0.000 0.000000
 0.039 0.004441000 0.000 0.000000
 0.039 0.004441000 0.000 0.000000
 0.039 0.004441000 0.000 0.000000
 0.039 0.004441000 0.000 0.000000
 0.039 0.004441000 0.000 0.000000
 0.039 0.004441000 0.000 0.000000
 0.039 0.004441000 0.000 0.000000
 0.039 0.004441000 0.000 0.000000
 0.039 0.004441000 0.000 0.000000
 0.039 0.004441000 0.000 0.000000
 0.039 0.004441000 0.000 0.000000
 0.039 0.004441000 0.000 0.000000
 0.039 0.004441000 0.000 0.000000
 0.039 0.004441000 0.000 0.000000
 0.039 0.004441000 0.000 0.000000
 0.039 0.004441000 0.000 0.000000
 0.039 0.004441000 0.000 0.000000
 0.039 0.004441000 0.000 0.000000
 0.039 0.004441000 0.000 0.000000
 0.039 0.004441000 0.000 0.000000
 0.039 0.004441000 0.000 0.000000
 0.039 0.004441000 0.000 0.000000
 0.039 0.004441000 0.000 0.000000
 0.039 0.004441000 0.000 0.000000
 0.039 0.004441000 0.000 0.000000
 0.039 0.004441000 0.000 0.000000
 0.039 0.004441000 0.000 0.000000
 0.039 0.004441000 0.000 0.000000
 0.039 0.004441000 0.000 0.000000
 0.039 0.004441000 0.000 0.000000
 0.039 0.004441000 0.000 0.000000
 0.039 0.004441000 0.000 0.000000
 0.039 0.004441000 0.000 0.000000
 0.039 0.004441000 0.000 0.000000
 0.039 0.004441000 0.000 0.000000
 0.039 0.004441000 0.000 0.000000
 0.039 0.004441000 0.000 0.000000
 0.039 0.004441000 0.000 0.000000
 0.039 0.004441000 0.000 0.000000
 0.039 0.004441000 0.000 0.000000
 0.039 0.004441000 0.000 0.000000
 0.039 0.004441000 0.000 0.000000
 0.039 0.004441000 0.000 0.000000
 0.039 0.004441000 0.000 0.000000
 0.039 0.004441000 0.000 0.000000
 0.039 0.004441000 0.000 0.000000
 0.039 0.004441000 0.000 0.000000
 0.039 0.004441000 0.000 0.000000
 0.039 0.004441000 0.000 0.000000
 0.039 0.004441000 0.000 0.000000
 0.039 0.004441000 0.000 0.000000
32000
