
256
   1    1 0.000 0.004439000 0.000 0.000000
 0.039 0.004437000 0.000 0.000000
 0.079 0.004442000 0.000 0.000000
 0.118 0.004437000 0.000 0.000000
 0.158 0.004438000 0.000 0.000000
 0.197 0.004437000 0.000 0.000000
 0.237 0.004440000 0.000 0.000000
 0.276 0.004441000 0.000 0.000000
 0.316 0.004435000 0.000 0.000000
 0.355 0.004438000 0.000 0.000000
 0.399 0.004437000 0.000 0.000000
 0.439 0.004437000 0.000 0.000000
 0.478 0.004436000 0.000 0.000000
 0.518 0.004436000 0.000 0.000000
 0.557 0.004438000 0.000 0.000000
 0.597 0.004442000 0.000 0.000000
 0.636 0.004437000 0.000 0.000000
 0.676 0.004435000 0.000 0.000000
 0.715 0.004443000 0.000 0.000000
 0.759 0.004439000 0.000 0.000000
 0.799 0.004438000 0.000 0.000000
 0.838 0.004441000 0.000 0.000000
 0.878 0.004432000 0.000 0.000000
 0.917 0.004434000 0.000 0.000000
 0.957 0.004437000 0.000 0.000000
 0.996 0.004442000 0.000 0.000000
 1.036 0.004442000 0.000 0.000000
 1.075 0.004437000 0.000 0.000000
 1.120 0.004434000 0.000 0.000000
 1.159 0.004439000 0.000 0.000000
 1.198 0.004435000 0.000 0.000000
 1.238 0.004434000 0.000 0.000000
 1.277 0.004440000 0.000 0.000000
 1.317 0.004438000 0.000 0.000000
 1.356 0.004438000 0.000 0.000000
 1.396 0.004442000 0.000 0.000000
 1.435 0.004440000 0.000 0.000000
 1.480 0.004439000 0.000 0.000000
 1.519 0.004438000 0.000 0.000000
 1.558 0.004435000 0.000 0.000000
 1.598 0.004440000 0.000 0.000000
 1.637 0.004439000 0.000 0.000000
 1.677 0.004433000 0.000 0.000000
 1.716 0.004438000 0.000 0.000000
 1.756 0.004437000 0.000 0.000000
 1.795 0.000139000 0.000 0.000000
 1.840 0.000137000 0.000 0.000000
 1.879 0.000138000 0.000 0.000000
 1.918 0.000139000 0.000 0.000000
 1.958 0.000139000 0.000 0.000000
 1.997 0.000144000 0.000 0.000000
 2.037 0.000139000 0.000 0.000000
 2.076 0.000137000 0.000 0.000000
 2.116 0.000142000 0.000 0.000000
 2.155 0.000139000 0.000 0.000000
 2.200 0.000142000 0.000 0.000000
 2.239 0.000145000 0.000 0.000000
 2.278 0.000144000 0.000 0.000000
 2.318 0.000144000 0.000 0.000000
 2.357 0.000143000 0.000 0.000000
 2.397 0.000142000 0.000 0.000000
 2.436 0.000143000 0.000 0.000000
 2.476 0.000138000 0.000 0.000000
 2.515 0.000144000 0.000 0.000000
 2.560 0.000138000 0.000 0.000000
 2.599 0.000144000 0.000 0.000000
 2.639 0.000144000 0.000 0.000000
 2.678 0.000143000 0.000 0.000000
 2.717 0.000141000 0.000 0.000000
 2.757 0.000142000 0.000 0.000000
 2.796 0.000140000 0.000 0.000000
 2.836 0.000140000 0.000 0.000000
 2.875 0.000143000 0.000 0.000000
 2.920 0.000139000 0.000 0.000000
 2.959 0.000146000 0.000 0.000000
 2.999 0.000142000 0.000 0.000000
 3.038 0.000136000 0.000 0.000000
 3.077 0.000144000 0.000 0.000000
 3.117 0.000135000 0.000 0.000000
 3.156 0.000138000 0.000 0.000000
 3.196 0.000138000 0.000 0.000000
 3.235 0.000139000 0.000 0.000000
 3.280 0.000139000 0.000 0.000000
 3.319 0.000139000 0.000 0.000000
 3.359 0.000143000 0.000 0.000000
 3.398 0.000142000 0.000 0.000000
 3.437 0.000140000 0.000 0.000000
 3.477 0.000143000 0.000 0.000000
 3.516 0.000134000 0.000 0.000000
 3.556 0.000143000 0.000 0.000000
 3.595 0.000143000 0.000 0.000000
 3.640 0.000138000 0.000 0.000000
 3.679 0.000136000 0.000 0.000000
 3.719 0.000136000 0.000 0.000000
 3.758 0.000136000 0.000 0.000000
 3.797 0.000138000 0.000 0.000000
 3.837 0.000137000 0.000 0.000000
 3.876 0.000137000 0.000 0.000000
 3.916 0.000137000 0.000 0.000000
 3.955 0.000137000 0.000 0.000000
 4.000 0.000141000 0.000 0.000000
 4.039 0.000143000 0.000 0.000000
 4.079 0.000140000 0.000 0.000000
 4.118 0.000144000 0.000 0.000000
 4.158 0.000142000 0.000 0.000000
 4.197 0.000139000 0.000 0.000000
 4.236 0.000146000 0.000 0.000000
 4.276 0.000142000 0.000 0.000000
 4.315 0.000138000 0.000 0.000000
 4.360 0.000145000 0.000 0.000000
 4.399 0.000137000 0.000 0.000000
 4.439 0.000139000 0.000 0.000000
 4.478 0.000144000 0.000 0.000000
 4.518 0.000144000 0.000 0.000000
 4.557 0.000141000 0.000 0.000000
 4.596 0.000142000 0.000 0.000000
 4.636 0.000136000 0.000 0.000000
 4.675 0.000141000 0.000 0.000000
 4.720 0.000144000 0.000 0.000000
 4.759 0.000139000 0.000 0.000000
 4.799 0.000144000 0.000 0.000000
 4.838 0.000142000 0.000 0.000000
 4.878 0.000141000 0.000 0.000000
 4.917 0.000141000 0.000 0.000000
 4.956 0.000144000 0.000 0.000000
 4.996 0.000143000 0.000 0.000000
 5.035 0.000145000 0.000 0.000000
 5.080 0.000137000 0.000 0.000000
 5.080 0.000137000 0.000 0.000000
 5.080 0.000137000 0.000 0.000000
 5.080 0.000137000 0.000 0.000000
 5.080 0.000137000 0.000 0.000000
 5.080 0.000137000 0.000 0.000000
 5.080 0.000137000 0.000 0.000000
 5.080 0.000137000 0.000 0.000000
 5.080 0.000137000 0.000 0.000000
 5.080 0.000137000 0.000 0.000000
 5.080 0.000137000 0.000 0.000000
 5.080 0.000137000 0.000 0.000000
 5.080 0.000137000 0.000 0.000000
 5.080 0.000137000 0.000 0.000000
 5.080 0.000137000 0.000 0.000000
 5.080 0.000137000 0.000 0.000000
 5.080 0.000137000 0.000 0.000000
 5.080 0.000137000 0.000 0.000000
 5.080 0.000137000 0.000 0.000000
 5.080 0.000137000 0.000 0.000000
 5.080 0.000137000 0.000 0.000000
 5.080 0.000137000 0.000 0.000000
 5.080 0.000137000 0.000 0.000000
 5.080 0.000137000 0.000 0.000000
 5.080 0.000137000 0.000 0.000000
 5.080 0.000137000 0.000 0.000000
 5.080 0.000137000 0.000 0.000000
 5.080 0.000137000 0.000 0.000000
 5.080 0.000137000 0.000 0.000000
 5.080 0.000137000 0.000 0.000000
 5.080 0.000137000 0.000 0.000000
 5.080 0.000137000 0.000 0.000000
 5.080 0.000137000 0.000 0.000000
 5.080 0.000137000 0.000 0.000000
 5.080 0.000137000 0.000 0.000000
 5.080 0.000137000 0.000 0.000000
 5.080 0.000137000 0.000 0.000000
 5.080 0.000137000 0.000 0.000000
 5.080 0.000137000 0.000 0.000000
 5.080 0.000137000 0.000 0.000000
 5.080 0.000137000 0.000 0.000000
 5.080 0.000137000 0.000 0.000000
 5.080 0.000137000 0.000 0.000000
 5.080 0.000137000 0.000 0.000000
 5.080 0.000137000 0.000 0.000000
 5.080 0.000137000 0.000 0.000000
 5.080 0.000137000 0.000 0.000000
 5.080 0.000137000 0.000 0.000000
 5.080 0.000137000 0.000 0.000000
 5.080 0.000137000 0.000 0.000000
 5.080 0.000137000 0.000 0.000000
 5.080 0.000137000 0.000 0.000000
 5.080 0.000137000 0.000 0.000000
 5.080 0.000137000 0.000 0.000000
 5.080 0.000137000 0.000 0.000000
 5.080 0.000137000 0.000 0.000000
 5.080 0.000137000 0.000 0.000000
 5.080 0.000137000 0.000 0.000000
 5.080 0.000137000 0.000 0.000000
 5.080 0.000137000 0.000 0.000000
 5.080 0.000137000 0.000 0.000000
 5.080 0.000137000 0.000 0.000000
 5.080 0.000137000 0.000 0.000000
 5.080 0.000137000 0.000 0.000000
 5.080 0.000137000 0.000 0.000000
 5.080 0.000137000 0.000 0.000000
 5.080 0.000137000 0.000 0.000000
 5.080 0.000137000 0.000 0.000000
 5.080 0.000137000 0.000 0.000000
 5.080 0.000137000 0.000 0.000000
 5.080 0.000137000 0.000 0.000000
 5.080 0.000137000 0.000 0.000000
 5.080 0.000137000 0.000 0.000000
 5.080 0.000137000 0.000 0.000000
 5.080 0.000137000 0.000 0.000000
 5.080 0.000137000 0.000 0.000000
 5.080 0.000137000 0.000 0.000000
 5.080 0.000137000 0.000 0.000000
 5.080 0.000137000 0.000 0.000000
 5.080 0.000137000 0.000 0.000000
 5.080 0.000137000 0.000 0.000000
 5.080 0.000137000 0.000 0.000000
 5.080 0.000137000 0.000 0.000000
 5.080 0.000137000 0.000 0.000000
 5.080 0.000137000 0.000 0.000000
 5.080 0.000137000 0.000 0.000000
 5.080 0.000137000 0.000 0.000000
 5.080 0.000137000 0.000 0.000000
 5.080 0.000137000 0.000 0.000000
 5.080 0.000137000 0.000 0.000000
 5.080 0.000137000 0.000 0.000000
 5.080 0.000137000 0.000 0.000000
 5.080 0.000137000 0.000 0.000000
 5.080 0.000137000 0.000 0.000000
 5.080 0.000137000 0.000 0.000000
 5.080 0.000137000 0.000 0.000000
 5.080 0.000137000 0.000 0.000000
 5.080 0.000137000 0.000 0.000000
 5.080 0.000137000 0.000 0.000000
 5.080 0.000137000 0.000 0.000000
 5.080 0.000137000 0.000 0.000000
 5.080 0.000137000 0.000 0.000000
 5.080 0.000137000 0.000 0.000000
 5.080 0.000137000 0.000 0.000000
 5.080 0.000137000 0.000 0.000000
 5.080 0.000137000 0.000 0.000000
 5.080 0.000137000 0.000 0.000000
 5.080 0.000137000 0.000 0.000000
 5.080 0.000137000 0.000 0.000000
 5.080 0.000137000 0.000 0.000000
 5.080 0.000137000 0.000 0.000000
 5.080 0.000137000 0.000 0.000000
 5.080 0.000137000 0.000 0.000000
 5.080 0.000137000 0.000 0.000000
 5.080 0.000137000 0.000 0.000000
 5.080 0.000137000 0.000 0.000000
 5.080 0.000137000 0.000 0.000000
 5.080 0.000137000 0.000 0.000000
 5.080 0.000137000 0.000 0.000000
 5.080 0.000137000 0.000 0.000000
 5.080 0.000137000 0.000 0.000000
 5.080 0.000137000 0.000 0.000000
 5.080 0.000137000 0.000 0.000000
 5.080 0.000137000 0.000 0.000000
 5.080 0.000137000 0.000 0.000000
 5.080 0.000137000 0.000 0.000000
 5.080 0.000137000 0.000 0.000000
 5.080 0.000137000 0.000 0.000000
 5.080 0.000137000 0.000 0.000000
   1    2 5.119 0.000135000 0.000 0.000000
 5.080 0.000139000 0.000 0.000000
 5.035 0.000144000 0.000 0.000000
 4.996 0.000141000 0.000 0.000000
 4.956 0.000144000 0.000 0.000000
 4.917 0.000142000 0.000 0.000000
 4.878 0.000142000 0.000 0.000000
 4.838 0.000141000 0.000 0.000000
 4.799 0.000143000 0.000 0.000000
 4.759 0.000138000 0.000 0.000000
 4.720 0.000138000 0.000 0.000000
 4.675 0.000139000 0.000 0.000000
 4.636 0.000141000 0.000 0.000000
 4.596 0.000141000 0.000 0.000000
 4.557 0.000143000 0.000 0.000000
 4.518 0.000143000 0.000 0.000000
 4.478 0.000143000 0.000 0.000000
 4.439 0.000145000 0.000 0.000000
 4.399 0.000138000 0.000 0.000000
 4.360 0.000140000 0.000 0.000000
 4.315 0.000144000 0.000 0.000000
 4.276 0.000141000 0.000 0.000000
 4.236 0.000143000 0.000 0.000000
 4.197 0.000144000 0.000 0.000000
 4.158 0.000143000 0.000 0.000000
 4.118 0.000143000 0.000 0.000000
 4.079 0.000144000 0.000 0.000000
 4.039 0.000139000 0.000 0.000000
 4.000 0.000137000 0.000 0.000000
 3.955 0.000138000 0.000 0.000000
 3.916 0.000143000 0.000 0.000000
 3.876 0.000139000 0.000 0.000000
 3.837 0.000142000 0.000 0.000000
 3.797 0.000140000 0.000 0.000000
 3.758 0.000142000 0.000 0.000000
 3.719 0.000143000 0.000 0.000000
 3.679 0.000143000 0.000 0.000000
 3.640 0.000144000 0.000 0.000000
 3.595 0.000138000 0.000 0.000000
 3.556 0.000138000 0.000 0.000000
 3.516 0.000142000 0.000 0.000000
 3.477 0.000140000 0.000 0.000000
 3.437 0.000142000 0.000 0.000000
 3.398 0.000144000 0.000 0.000000
 3.359 0.000142000 0.000 0.000000
 3.319 0.000143000 0.000 0.000000
 3.280 0.000144000 0.000 0.000000
 3.235 0.000139000 0.000 0.000000
 3.196 0.000143000 0.000 0.000000
 3.156 0.000144000 0.000 0.000000
 3.117 0.000141000 0.000 0.000000
 3.077 0.000142000 0.000 0.000000
 3.038 0.000144000 0.000 0.000000
 2.999 0.000137000 0.000 0.000000
 2.959 0.000137000 0.000 0.000000
 2.920 0.000137000 0.000 0.000000
 2.875 0.000141000 0.000 0.000000
 2.836 0.000141000 0.000 0.000000
 2.796 0.000141000 0.000 0.000000
 2.757 0.000142000 0.000 0.000000
 2.717 0.000135000 0.000 0.000000
 2.678 0.000135000 0.000 0.000000
 2.639 0.000142000 0.000 0.000000
 2.599 0.000141000 0.000 0.000000
 2.560 0.000144000 0.000 0.000000
 2.515 0.000142000 0.000 0.000000
 2.476 0.000143000 0.000 0.000000
 2.436 0.000142000 0.000 0.000000
 2.397 0.000137000 0.000 0.000000
 2.357 0.000142000 0.000 0.000000
 2.318 0.000136000 0.000 0.000000
 2.278 0.000137000 0.000 0.000000
 2.239 0.000135000 0.000 0.000000
 2.200 0.000138000 0.000 0.000000
 2.155 0.000145000 0.000 0.000000
 2.116 0.000139000 0.000 0.000000
 2.076 0.000142000 0.000 0.000000
 2.037 0.000141000 0.000 0.000000
 1.997 0.000142000 0.000 0.000000
 1.958 0.000141000 0.000 0.000000
 1.918 0.000141000 0.000 0.000000
 1.879 0.000137000 0.000 0.000000
 1.840 0.000137000 0.000 0.000000
 1.795 0.000137000 0.000 0.000000
 1.756 0.000137000 0.000 0.000000
 1.716 0.000138000 0.000 0.000000
 1.677 0.000143000 0.000 0.000000
 1.637 0.000142000 0.000 0.000000
 1.598 0.000136000 0.000 0.000000
 1.558 0.000143000 0.000 0.000000
 1.519 0.000136000 0.000 0.000000
 1.480 0.000143000 0.000 0.000000
 1.435 0.000141000 0.000 0.000000
 1.396 0.000140000 0.000 0.000000
 1.356 0.000139000 0.000 0.000000
 1.317 0.000141000 0.000 0.000000
 1.277 0.000137000 0.000 0.000000
 1.238 0.000140000 0.000 0.000000
 1.198 0.000146000 0.000 0.000000
 1.159 0.000142000 0.000 0.000000
 1.120 0.000138000 0.000 0.000000
 1.075 0.000142000 0.000 0.000000
 1.036 0.000144000 0.000 0.000000
 0.996 0.000143000 0.000 0.000000
 0.957 0.000137000 0.000 0.000000
 0.917 0.000143000 0.000 0.000000
 0.878 0.000144000 0.000 0.000000
 0.838 0.000140000 0.000 0.000000
 0.799 0.000139000 0.000 0.000000
 0.759 0.004442000 0.000 0.000000
 0.715 0.004442000 0.000 0.000000
 0.676 0.004440000 0.000 0.000000
 0.636 0.004445000 0.000 0.000000
 0.597 0.004439000 0.000 0.000000
 0.557 0.004440000 0.000 0.000000
 0.518 0.004441000 0.000 0.000000
 0.478 0.004444000 0.000 0.000000
 0.439 0.004431000 0.000 0.000000
 0.399 0.004431000 0.000 0.000000
 0.355 0.004438000 0.000 0.000000
 0.316 0.004437000 0.000 0.000000
 0.276 0.004437000 0.000 0.000000
 0.237 0.004440000 0.000 0.000000
 0.197 0.004441000 0.000 0.000000
 0.158 0.004440000 0.000 0.000000
 0.118 0.004438000 0.000 0.000000
 0.079 0.004437000 0.000 0.000000
 0.039 0.004441000 0.000 0.000000
 0.039 0.004441000 0.000 0.000000
 0.039 0.004441000 0.000 0.000000
 0.039 0.004441000 0.000 0.000000
 0.039 0.004441000 0.000 0.000000
 0.039 0.004441000 0.000 0.000000
 0.039 0.004441000 0.000 0.000000
 0.039 0.004441000 0.000 0.000000
 0.039 0.004441000 0.000 0.000000
 0.039 0.004441000 0.000 0.000000
 0.039 0.004441000 0.000 0.000000
 0.039 0.004441000 0.000 0.000000
 0.039 0.004441000 0.000 0.000000
 0.039 0.004441000 0.000 0.000000
 0.039 0.004441000 0.000 0.000000
 0.039 0.004441000 0.000 0.000000
 0.039 0.004441000 0.000 0.000000
 0.039 0.004441000 0.000 0.000000
 0.039 0.004441000 0.000 0.000000
 0.039 0.004441000 0.000 0.000000
 0.039 0.004441000 0.000 0.000000
 0.039 0.004441000 0.000 0.000000
 0.039 0.004441000 0.000 0.000000
 0.039 0.004441000 0.000 0.000000
 0.039 0.004441000 0.000 0.000000
 0.039 0.004441000 0.000 0.000000
 0.039 0.004441000 0.000 0.000000
 0.039 0.004441000 0.000 0.000000
 0.039 0.004441000 0.000 0.000000
 0.039 0.004441000 0.000 0.000000
 0.039 0.004441000 0.000 0.000000
 0.039 0.004441000 0.000 0.000000
 0.039 0.004441000 0.000 0.000000
 0.039 0.004441000 0.000 0.000000
 0.039 0.004441000 0.000 0.000000
 0.039 0.004441000 0.000 0.000000
 0.039 0.004441000 0.000 0.000000
 0.039 0.004441000 0.000 0.000000
 0.039 0.004441000 0.000 0.000000
 0.039 0.004441000 0.000 0.000000
 0.039 0.004441000 0.000 0.000000
 0.039 0.004441000 0.000 0.000000
 0.039 0.004441000 0.000 0.000000
 0.039 0.004441000 0.000 0.000000
 0.039 0.004441000 0.000 0.000000
 0.039 0.004441000 0.000 0.000000
 0.039 0.004441000 0.000 0.000000
 0.039 0.004441000 0.000 0.000000
 0.039 0.004441000 0.000 0.000000
 0.039 0.004441000 0.000 0.000000
 0.039 0.004441000 0.000 0.000000
 0.039 0.004441000 0.000 0.000000
 0.039 0.004441000 0.000 0.000000
 0.039 0.004441000 0.000 0.000000
 0.039 0.004441000 0.000 0.000000
 0.039 0.004441000 0.000 0.000000
 0.039 0.004441000 0.000 0.000000
 0.039 0.004441000 0.000 0.000000
 0.039 0.004441000 0.000 0.000000
 0.039 0.004441000 0.000 0.000000
 0.039 0.004441000 0.000 0.000000
 0.039 0.004441000 0.000 0.000000
 0.039 0.004441000 0.000 0.000000
 0.039 0.004441000 0.000 0.000000
 0.039 0.004441000 0.000 0.000000
 0.039 0.004441000 0.000 0.000000
 0.039 0.004441000 0.000 0.000000
 0.039 0.004441000 0.000 0.000000
 0.039 0.004441000 0.000 0.000000
 0.039 0.004441000 0.000 0.000000
 0.039 0.004441000 0.000 0.000000
 0.039 0.004441000 0.000 0.000000
 0.039 0.004441000 0.000 0.000000
 0.039 0.004441000 0.000 0.000000
 0.039 0.004441000 0.000 0.000000
 0.039 0.004441000 0.000 0.000000
 0.039 0.004441000 0.000 0.000000
 0.039 0.004441000 0.000 0.000000
 0.039 0.004441000 0.000 0.000000
 0.039 0.004441000 0.000 0.000000
 0.039 0.004441000 0.000 0.000000
 0.039 0.004441000 0.000 0.000000
 0.039 0.004441000 0.000 0.000000
 0.039 0.004441000 0.000 0.000000
 0.039 0.004441000 0.000 0.000000
 0.039 0.004441000 0.000 0.000000
 0.039 0.004441000 0.000 0.000000
 0.039 0.004441000 0.000 0.000000
 0.039 0.004441000 0.000 0.000000
 0.039 0.004441000 0.000 0.000000
 0.039 0.004441000 0.000 0.000000
 0.039 0.004441000 0.000 0.000000
 0.039 0.004441000 0.000 0.000000
 0.039 0.004441000 0.000 0.000000
 0.039 0.004441000 0.000 0.000000
 0.039 0.004441000 0.000 0.000000
 0.039 0.004441000 0.000 0.000000
 0.039 0.004441000 0.000 0.000000
 0.039 0.004441000 0.000 0.000000
 0.039 0.004441000 0.000 0.000000
 0.039 0.004441000 0.000 0.000000
 0.039 0.004441000 0.000 0.000000
 0.039 0.004441000 0.000 0.000000
 0.039 0.004441000 0.000 0.000000
 0.039 0.004441000 0.000 0.000000
 0.039 0.004441000 0.000 0.000000
 0.039 0.004441000 0.000 0.000000
 0.039 0.004441000 0.000 0.000000
 0.039 0.004441000 0.000 0.000000
 0.039 0.004441000 0.000 0.000000
 0.039 0.004441000 0.000 0.000000
 0.039 0.004441000 0.000 0.000000
 0.039 0.004441000 0.000 0.000000
 0.039 0.004441000 0.000 0.000000
 0.039 0.004441000 0.000 0.000000
 0.039 0.004441000 0.000 0.000000
 0.039 0.004441000 0.000 0.000000
 0.039 0.004441000 0.000 0.000000
 0.039 0.004441000 0.000 0.000000
 0.039 0.004441000 0.000 0.000000
 0.039 0.004441000 0.000 0.000000
 0.039 0.004441000 0.000 0.000000
 0.039 0.004441000 0.000 0.000000
 0.039 0.004441000 0.000 0.000000
 0.039 0.004441000 0.000 0.000000
 0.039 0.004441000 0.000 0.000000
 0.039 0.004441000 0.000 0.000000
 0.039 0.004441000 0.000 0.000000
 0.039 0.004441000 0.000 0.000000
32000
